0  0  0  0  0  0  0  0  0  0  0  0  0  0  0  0  0  0  0  0  
0  -213632  -154892  -111489  -79093  -55863  -39320  -27162  -17571  -9150  -767  8612  20085  34989  55079  82642  120356  171477  199275  0  
0  -172551  -146932  -108871  -78143  -55946  -39968  -28010  -18390  -9821  -1257  8268  19775  34496  54053  80571  116017  157069  177163  0  
0  -132987  -120231  -95994  -72892  -54446  -40223  -28967  -19491  -10797  -2028  7623  18996  33049  50906  73677  101274  128675  141501  0  
0  -99554  -92738  -78894  -63708  -50018  -38403  -28495  -19663  -11264  -2685  6664  17375  30044  45204  63013  82380  99439  107284  0  
0  -73327  -69790  -62324  -53032  -43561  -34660  -26427  -18639  -10952  -2994  5604  15180  25999  38138  51235  64063  74231  78794  0  
0  -53416  -51772  -48058  -42664  -36388  -29835  -23266  -16683  -9956  -2904  4652  12841  21685  30994  40221  48350  54076  56521  0  
0  -38518  -37955  -36407  -33475  -29444  -24735  -19627  -14227  -8534  -2506  3896  10654  17640  24544  30816  35711  38627  39736  0  
0  -27468  -27500  -27178  -25759  -23248  -19915  -16004  -11662  -6963  -1948  3325  8748  14117  19095  23205  25938  27114  27411  0  
0  -19360  -19702  -20045  -19533  -18026  -15688  -12719  -9272  -5458  -1369  2884  7145  11185  14687  17267  18599  18739  18568  0  
0  -13518  -14001  -14674  -14684  -13825  -12190  -9941  -7220  -4153  -859  2526  5828  8825  11238  12773  13235  12800  12385  0  
0  -9433  -9960  -10762  -11048  -10592  -9443  -7726  -5573  -3108  -461  2224  4774  6986  8628  9481  9438  8727  8210  0  
0  -6723  -7235  -8045  -8450  -8229  -7400  -6062  -4331  -2326  -177  1974  3965  5614  6737  7173  6872  6072  5543  0  
0  -5088  -5552  -6298  -6723  -6620  -5987  -4901  -3461  -1781  15  1788  3389  4662  5458  5664  5267  4495  4003  0  
0  -4284  -4684  -5330  -5715  -5652  -5122  -4180  -2916  -1434  143  1682  3043  4090  4703  4805  4411  3728  3300  0  
0  -4096  -4431  -4969  -5290  -5220  -4724  -3840  -2646  -1246  238  1672  2922  3862  4395  4472  4128  3554  3196  0  
0  -4309  -4596  -5045  -5308  -5213  -4707  -3813  -2601  -1180  322  1765  3009  3933  4454  4541  4252  3773  3468  0  
0  -4684  -4951  -5351  -5583  -5467  -4931  -3985  -2701  -1192  401  1924  3231  4196  4737  4841  4585  4158  3877  0  
0  -4941  -5198  -5573  -5791  -5663  -5106  -4123  -2787  -1216  441  2025  3381  4380  4941  5057  4816  4418  4147  0  
0  0  0  0  0  0  0  0  0  0  0  0  0  0  0  0  0  0  0  0  
