0  0  0  0  0  0  0  0  0  0  0  0  0  0  0  0  0  0  0  0  
0  100000  100000  100000  100000  100000  100000  100000  100000  100000  100000  100000  100000  100000  100000  100000  100000  100000  0  0  
0  0  17913  28271  38999  47784  54320  58907  61842  63340  63512  62365  59798  55590  49421  41063  31236  23205  0  0  
0  0  887  4814  11967  19544  26058  31071  34517  36425  36815  35672  32933  28521  22448  15176  8273  4101  0  0  
0  0  -3912  -4322  -1609  2707  7191  11058  13912  15572  15952  15012  12766  9322  5021  664  -2301  -2492  0  0  
0  0  -4752  -7313  -7702  -6440  -4374  -2222  -469  600  836  199  -1239  -3250  -5372  -6843  -6734  -4463  0  0  
0  0  -4412  -7823  -10053  -10980  -10949  -10429  -9824  -9412  -9345  -9653  -10232  -10832  -11031  -10290  -8166  -4692  0  0  
0  0  -3783  -7388  -10540  -12822  -14225  -14965  -15306  -15451  -15519  -15519  -15351  -14802  -13573  -11376  -8144  -4261  0  0  
0  0  -3157  -6628  -10129  -13124  -15401  -16981  -17982  -18522  -18666  -18410  -17674  -16313  -14163  -11150  -7454  -3631  0  0  
0  0  -2611  -5797  -9300  -12566  -15277  -17326  -18718  -19489  -19658  -19212  -18098  -16241  -13600  -10250  -6511  -2992  0  0  
0  0  -2152  -4991  -8296  -11544  -14377  -16614  -18180  -19050  -19209  -18639  -17314  -15224  -12412  -9054  -5526  -2418  0  0  
0  0  -1767  -4241  -7241  -10294  -13044  -15272  -16858  -17734  -17865  -17231  -15830  -13700  -10942  -7779  -4598  -1930  0  0  
0  0  -1440  -3554  -6195  -8952  -11493  -13588  -15094  -15920  -16017  -15368  -13991  -11953  -9390  -6539  -3766  -1526  0  0  
0  0  -1155  -2921  -5180  -7589  -9849  -11739  -13105  -13849  -13915  -13291  -12006  -10146  -7858  -5378  -3028  -1190  0  0  
0  0  -894  -2320  -4192  -6227  -8167  -9810  -11005  -11651  -11694  -11123  -9976  -8344  -6377  -4291  -2363  -900  0  0  
0  0  -637  -1725  -3202  -4847  -6445  -7813  -8816  -9356  -9382  -8888  -7912  -6544  -4924  -3244  -1733  -629  0  0  
0  0  -368  -1111  -2181  -3414  -4637  -5700  -6484  -6906  -6923  -6528  -5758  -4692  -3450  -2192  -1103  -355  0  0  
0  0  -84  -466  -1099  -1868  -2654  -3347  -3862  -4141  -4151  -3889  -3380  -2682  -1882  -1096  -453  -71  0  0  
0  0  0  0  0  0  0  0  0  0  0  0  0  0  0  0  0  0  0  0  
0  0  0  0  0  0  0  0  0  0  0  0  0  0  0  0  0  0  0  0  
