0  0  0  0  0  0  0  0  0  0  0  0  0  0  0  0  0  0  0  0  
0  0  0  0  0  0  0  0  0  0  0  0  0  0  0  0  0  0  0  0  
0  0  -16778  -13544  -10385  -7574  -5239  -3367  -1851  -558  647  1904  3362  5180  7522  10511  14295  19208  0  0  
0  0  -27393  -24852  -19886  -15064  -10860  -7298  -4244  -1514  1098  3809  6846  10439  14789  19963  25504  28403  0  0  
0  0  -28621  -29820  -26055  -20952  -15814  -11042  -6664  -2558  1463  5613  10106  15111  20652  26359  30819  29975  0  0  
0  0  -26009  -30076  -28369  -24133  -18994  -13692  -8475  -3360  1752  6995  12488  18244  24027  29062  31536  27811  0  0  
0  0  -22386  -27831  -27840  -24794  -20210  -14948  -9420  -3780  1949  7787  13716  19580  24936  28823  29497  24220  0  0  
0  0  -18656  -24486  -25594  -23624  -19800  -14945  -9536  -3828  2045  7988  13857  19363  23954  26670  26064  20223  0  0  
0  0  -15202  -20796  -22478  -21329  -18271  -14007  -9012  -3593  2038  7695  13142  18015  21743  23475  22106  16382  0  0  
0  0  -12119  -17145  -19029  -18455  -16082  -12477  -8070  -3180  1937  7042  11847  15966  18867  19852  18127  12919  0  0  
0  0  -9429  -13734  -15582  -15383  -13592  -10643  -6906  -2683  1760  6160  10219  13566  15741  16203  14409  9919  0  0  
0  0  -7118  -10657  -12332  -12364  -11052  -8720  -5669  -2170  1526  5162  8455  11075  12647  12767  11086  7384  0  0  
0  0  -5159  -7957  -9388  -9550  -8625  -6850  -4460  -1683  1258  4135  6697  8669  9757  9674  8207  5281  0  0  
0  0  -3529  -5645  -6806  -7026  -6411  -5123  -3341  -1246  979  3142  5041  6456  7169  6982  5779  3568  0  0  
0  0  -2206  -3721  -4610  -4839  -4462  -3588  -2345  -867  706  2229  3547  4501  4932  4712  3785  2206  0  0  
0  0  -1185  -2187  -2815  -3016  -2814  -2279  -1493  -550  457  1429  2260  2842  3072  2870  2214  1171  0  0  
0  0  -469  -1053  -1442  -1588  -1503  -1226  -807  -298  248  773  1218  1520  1619  1469  1061  455  0  0  
0  0  -77  -338  -521  -599  -577  -475  -315  -117  96  300  472  585  612  531  339  68  0  0  
0  0  0  0  0  0  0  0  0  0  0  0  0  0  0  0  0  0  0  0  
0  0  0  0  0  0  0  0  0  0  0  0  0  0  0  0  0  0  0  0  
