0.0 0.0 0.0 0.0 0.0 0.0 0.0 0.0 0.0 0.0 0.0 0.0 0.0 0.0 0.0 0.0 0.0 0.0 0.0 0.0 
0.0 -2.697852923040883 -2.1059724267181084 -1.639343806344379 -1.2604296400441402 -0.9584172297646627 -0.7139976724358945 -0.5075352808165814 -0.32286735012085027 -0.1473326004016247 0.02933065252793557 0.21629550747439474 0.42302384874503096 0.6607621487632596 0.9441017575832477 1.2919326788240237 1.7259238085095552 2.2722304964239544 2.5578158394902317 0.0 
0.0 -2.2897334213187843 -2.0219822598150907 -1.6014253339524112 -1.2362476380832477 -0.9448744785225632 -0.7081735087403606 -0.506606705895505 -0.32487237321093565 -0.1511816744431733 0.024021634789321605 0.20928849306337702 0.41339623058862585 0.6467239157092809 0.9228790448404416 1.2599208564641364 1.6741250968693462 2.1277815916098564 2.343401183368417 0.0 
0.0 -1.85543833976435 -1.7090145315207257 -1.423826285126022 -1.1385549554251218 -0.8919959388872323 -0.6814105856740742 -0.495592279152007 -0.32379159769376614 -0.15701371983433593 0.01236070786391882 0.19122969003831722 0.3864994251833879 0.6058528479585591 0.8583265329773306 1.1529462609258854 1.4874973665590518 1.8085273996958553 1.9572386164720004 0.0 
0.0 -1.459832680113888 -1.3716093171574177 -1.1933886660048545 -0.9941955792573417 -0.8047596720253296 -0.6309672164560588 -0.46941518737444077 -0.31449254711812297 -0.16060773393852457 -0.002663665123665263 0.16396945575452207 0.34362171432558286 0.5404213116810064 0.757890297921804 0.9964556533181447 1.2446894166493956 1.4606061204452274 1.5605187929366884 0.0 
0.0 -1.1307128027518951 -1.078180985752496 -0.9707217584771621 -0.8388730055120663 -0.7011549639967036 -0.5648212548548757 -0.4306094105701961 -0.2965298809733523 -0.15980784947878615 -0.017697426689113716 0.13216596106442846 0.2915595856135305 0.46137421595362677 0.6408532879137266 0.8255064436174157 1.0024376221811184 1.144191620976377 1.2092181386664014 0.0 
0.0 -0.8677208801925888 -0.8383042622834476 -0.7764310419435253 -0.6923807987076683 -0.5956394841089087 -0.4921421171134439 -0.3841488425850734 -0.2716894710607365 -0.15390198199266578 -0.029854472287590274 0.10095654632546615 0.23824321010764965 0.3805125613612173 0.5243920834875101 0.6634094496692637 0.786337651794283 0.8769356910268735 0.9174673585278909 0.0 
0.0 -0.6606347295501087 -0.6460328296379183 -0.6134044195555939 -0.5622464669782957 -0.4962348551600877 -0.419493643548188 -0.3345175771647526 -0.2423032085915793 -0.14315891090632124 -0.037408224889183175 0.07410422719877119 0.18963564104745956 0.30618468178685404 0.4190715422058634 0.5214966926804501 0.6046565065698555 0.6600096715981811 0.6835589831662217 0.0 
0.0 -0.4983074520970294 -0.49308680515128234 -0.4791976724371592 -0.45040338040332684 -0.4068213252865996 -0.35099440001467563 -0.2851486269061294 -0.21066917108789923 -0.12853979478289732 -0.0398990580644816 0.053513349046184724 0.14903805714076238 0.2428567662475351 0.3298387603642674 0.4036472376026397 0.4577748012559729 0.48876449520915866 0.5006043783827676 0.0 
0.0 -0.37158986947218375 -0.37229802752251484 -0.3704324862744166 -0.3567291987624577 -0.3291993601212761 -0.2892146072312838 -0.23861346786124654 -0.17889256571048423 -0.1114138457994493 -0.03782613856300901 0.03957481332385429 0.11761589711940817 0.19213973322503586 0.2580672150246611 0.3098376977312121 0.3428549972334411 0.35695956444560684 0.3607485465508371 0.0 
0.0 -0.2737918737016972 -0.27826727625701153 -0.2841166208565763 -0.28048357106608496 -0.2641839756711827 -0.23580649853641542 -0.19684913277873933 -0.14881378552248087 -0.09327985886317479 -0.032216106508517355 0.03175116978078486 0.09520271220062897 0.1539387161660697 0.20319453749180552 0.23825542972435315 0.2560286891729447 0.25846020565423966 0.2567441048588746 0.0 
0.0 -0.2003150204692467 -0.20719263065820115 -0.21792910573334678 -0.2208481288385235 -0.21212559506434456 -0.19186481978675277 -0.16131779580551275 -0.12197353260179834 -0.07555861393507131 -0.02426144238150127 0.029088765544073598 0.08097935465409788 0.1273271546129992 0.16379370436724514 0.18646771746966662 0.19340941137657913 0.18788301794856072 0.18245648011598917 0.0 
0.0 -0.14806516668165054 -0.1564536996982124 -0.1701470517871165 -0.1770939367982699 -0.17315403638840762 -0.1581336839033398 -0.1331207858417106 -0.09961196734680525 -0.05947151803690366 -0.015079816578640728 0.03057527689914737 0.07394605017181377 0.11112399609267111 0.13821804870562782 0.1520393533738625 0.15153346143285223 0.1407677831354469 0.1329184513591745 0.0 
0.0 -0.11485231825139551 -0.12415025124618387 -0.13943733003450565 -0.14857748781939684 -0.14727604822615717 -0.13512032364683904 -0.11307632481889957 -0.08268269869843864 -0.04597753199942049 -0.005569101134803228 0.03536549201944118 0.07322095174403005 0.1042443500572653 0.12495971568575404 0.13282210540905787 0.12748838772632676 0.11350817759004958 0.10416589066984125 0.0 
0.0 -0.098817448476772 -0.10863687815225942 -0.12457816908611294 -0.1346306415343909 -0.1343710965075037 -0.12313406434272711 -0.10175790012591879 -0.07186535344860578 -0.03574689448033612 0.003663611754869312 0.0428972438377868 0.0781935988447327 0.10586979272821559 0.12279597020281156 0.12701595793070977 0.11882895345650718 0.10311002874204875 0.09291581792817963 0.0 
0.0 -0.09781378002715976 -0.10798293668047163 -0.12405773893095814 -0.13430203237923535 -0.1340386445673347 -0.12219853910022016 -0.09944574628076172 -0.06754458857455567 -0.029162087060362153 0.012284164466709381 0.05286244865369723 0.08848794382127874 0.11539633700040736 0.13069592093240864 0.1329880159188227 0.12326346012575144 0.10674591443775724 0.0960524959732954 0.0 
0.0 -0.10854505127953085 -0.11914264915941891 -0.13533528467794964 -0.14571858078227232 -0.14504129280872216 -0.1315812670377795 -0.10577299288774294 -0.06960803703541682 -0.02629071382121522 0.02008107711908684 0.06489874354828996 0.10353161154283318 0.1319217557955985 0.14725232320104711 0.1486415853237453 0.13792579000779842 0.12093056714005493 0.10977076580070162 0.0 
0.0 -0.12514039267955404 -0.13641840585844583 -0.15323381094972988 -0.16436957634009736 -0.16352882270146993 -0.14812538686511484 -0.11837158190650876 -0.07658432902006343 -0.026629928646765416 0.02657834984327281 0.0776038237123373 0.1210914973545133 0.1524822098799852 0.16882433213742237 0.16962817419961185 0.15769733843604372 0.13990941554828634 0.12807873838860928 0.0 
0.0 -0.1368582414537735 -0.1485760910253972 -0.16613645738408953 -0.1782604001977948 -0.17762147877162698 -0.1610106643614277 -0.12853943924748992 -0.08279077336490472 -0.028102964449864685 0.030048604982107062 0.08565381595621971 0.13283412902990888 0.16662320340417852 0.1838727262565151 0.18424431043824302 0.17118438056648494 0.15260081141979853 0.1403397749042039 0.0 
0.0 0.0 0.0 0.0 0.0 0.0 0.0 0.0 0.0 0.0 0.0 0.0 0.0 0.0 0.0 0.0 0.0 0.0 0.0 0.0 
