0.0 0.0 0.0 0.0 0.0 0.0 0.0 0.0 0.0 0.0 0.0 0.0 0.0 0.0 0.0 0.0 0.0 0.0 0.0 0.0 
0.0 0.0 0.0 0.0 0.0 0.0 0.0 0.0 0.0 0.0 0.0 0.0 0.0 0.0 0.0 0.0 0.0 0.0 0.0 0.0 
0.0 0.0 -0.15575048690672624 -0.11963626726124024 -0.08947509205203505 -0.06371799390247054 -0.0426023801097128 -0.025908810781806544 -0.012681102724267255 -0.0017290850077945619 0.008168538528574425 0.018282365407503744 0.03001693297099524 0.044979491471210595 0.06493349729643302 0.09162977048878448 0.1279313535750502 0.18223239146002573 0.0 0.0 
0.0 0.0 -0.2977782693264057 -0.2675109170071293 -0.21112926953011119 -0.1564438428475054 -0.10928282906243483 -0.07013907971844006 -0.03757297369224595 -0.009520324444766247 0.016344607449323305 0.042556852443980255 0.0718955914399746 0.10735487985012315 0.15182489743719185 0.20691273439977814 0.2685052063489652 0.3054185546617399 0.0 0.0 
0.0 0.0 -0.34167622027781147 -0.3587556600297137 -0.31274308839147746 -0.24838565546461655 -0.183263929501154 -0.12350276744887385 -0.07008290737585612 -0.02174105199459292 0.023917755652510454 0.06988996939964884 0.11938677157103406 0.1752381516279538 0.23857168552982225 0.30557900569000185 0.35955359347593796 0.35227578630602474 0.0 0.0 
0.0 0.0 -0.3373638282565499 -0.3954306065401134 -0.3749210237197296 -0.3176273655951344 -0.24657473170973535 -0.17328443194405516 -0.10243774788154927 -0.03496097125234228 0.030342901529344397 0.09571372682623477 0.16346210253144713 0.23467170703398615 0.3070319947107045 0.37089878040446306 0.4026435012619022 0.35547331355030415 0.0 0.0 
0.0 0.0 -0.31403496721238616 -0.3981236311802446 -0.4022655402781691 -0.35897247326632153 -0.29066669276951995 -0.2113764682132805 -0.12874798856995096 -0.04621233792529335 0.035448447903722674 0.1167495740926846 0.19810880006953938 0.2781105991555425 0.35111045844294475 0.4038867340688173 0.41179459388667183 0.33629628020446833 0.0 0.0 
0.0 0.0 -0.2841070247513662 -0.38175556914358866 -0.40443429281168763 -0.37561755114080675 -0.31438681735174523 -0.23481458687724516 -0.14612741945083924 -0.053812362073586056 0.03922988872397533 0.13137971523831787 0.22078899763876503 0.3035850112056796 0.37176252215078776 0.41091549557251317 0.39880062770603714 0.30627140101446165 0.0 0.0 
0.0 0.0 -0.2525682855967478 -0.3547835169358209 -0.38946067751828034 -0.37283007554782455 -0.32006414052322063 -0.2439319981227827 -0.15406746377659944 -0.05729583239624825 0.0416756375265502 0.1391956112333861 0.2313100413044782 0.31220184861376954 0.3726188955384071 0.3986568069025124 0.37187077770594285 0.2715708761409117 0.0 0.0 
0.0 0.0 -0.22118527642458402 -0.32174727756450244 -0.3628982976876476 -0.3554768562043402 -0.3110762620825091 -0.24065209354682385 -0.15348054539071584 -0.05703361914007131 0.04270345989025419 0.14047959778142785 0.2307197723383052 0.3063536929413079 0.3578232163266253 0.37267430554249137 0.3364951265079299 0.2354718884607836 0.0 0.0 
0.0 0.0 -0.19035642117112178 -0.28500767496232504 -0.32839512135420856 -0.3274374568654113 -0.29074938697583197 -0.22741356976945917 -0.14592030932280567 -0.05382502330983711 0.04218968985294506 0.13585280051952525 0.22058661149572173 0.28875313747194864 0.33116953920063336 0.3372426214220744 0.2962467284010488 0.19966107224017338 0.0 0.0 
0.0 0.0 -0.15997729660690282 -0.24582635238376022 -0.28836819160545596 -0.2916728463797344 -0.2619690842095916 -0.20660248597515543 -0.13306462852023193 -0.04856722574637722 0.04005188678312499 0.12610055401591902 0.2026186704246248 0.2619899889970329 0.29584648388872353 0.29552677190048565 0.253418384188012 0.16492798450664165 0.0 0.0 
0.0 0.0 -0.12990314575379547 -0.2050139357280383 -0.24454871794484515 -0.2504718113006445 -0.22712349692750533 -0.18030864800540553 -0.11642913379640121 -0.04203981919174939 0.036329447552909136 0.11210828408247114 0.1785037944763493 0.22838589844234858 0.2544537310945508 0.24986138277140277 0.20949714498681757 0.13160453834440222 0.0 0.0 
0.0 0.0 -0.10018968390334058 -0.1633196343951668 -0.19836165995844124 -0.2056954297876659 -0.18817565932513997 -0.15026778027116244 -0.09725719423072872 -0.03481564530279005 0.031209285715981326 0.09482300419307199 0.14984980880304863 0.189990064976514 0.20913319322010296 0.20204466551181002 0.16554251209350487 0.09986349820647202 0.0 0.0 
0.0 0.0 -0.0712398510499763 -0.12166725071451505 -0.15117607230613678 -0.15897377232353022 -0.14677754339628019 -0.11790489295571997 -0.07652858711984975 -0.02727222218199927 0.02499156210677845 0.07520396224833648 0.11815578194010612 0.1486228445548275 0.16172754847932763 0.15361135549626095 0.12250671750990125 0.06997278339965161 0.0 0.0 
0.0 0.0 -0.043984406341156766 -0.08139104054795983 -0.10455605360917168 -0.11194098414563428 -0.1044671103631484 -0.08448314838173085 -0.055062561423644324 -0.01965764870840101 0.01805561660866413 0.05422588290701896 0.08486987280093525 0.10601023413733575 0.1140045745424966 0.10613653447800771 0.08157317080922583 0.042586376043063104 0.0 0.0 
0.0 0.0 -0.020281524402597645 -0.04471140180119524 -0.060787305086251284 -0.06679128699969168 -0.06320003797954923 -0.05154582073581321 -0.033816750815509916 -0.012215863127814794 0.010916567275737948 0.03310771690485953 0.051766053560604645 0.06427136153788846 0.06820842604976589 0.061805523358613695 0.044712838233239495 0.01923074311373587 0.0 0.0 
0.0 0.0 -0.0037561333627973495 -0.015841130735929985 -0.024273602826860044 -0.02786711260765489 -0.026916267370257742 -0.022229932467574938 -0.01476066361038951 -0.005503706717952277 0.004503105033853689 0.014147346543550543 0.02222524378177295 0.027470815339494567 0.028664526032442968 0.024862424680058476 0.015868428993974164 0.003225137715645105 0.0 0.0 
0.0 0.0 0.0 0.0 0.0 0.0 0.0 0.0 0.0 0.0 0.0 0.0 0.0 0.0 0.0 0.0 0.0 0.0 0.0 0.0 
0.0 0.0 0.0 0.0 0.0 0.0 0.0 0.0 0.0 0.0 0.0 0.0 0.0 0.0 0.0 0.0 0.0 0.0 0.0 0.0 
