0.0 0.0 0.0 0.0 0.0 0.0 0.0 0.0 0.0 0.0 0.0 0.0 0.0 0.0 0.0 0.0 0.0 0.0 0.0 0.0 
0.0 1.0 1.0 1.0 1.0 1.0 1.0 1.0 1.0 1.0 1.0 1.0 1.0 1.0 1.0 1.0 1.0 1.0 0.0 0.0 
0.0 0.0 0.21752386205434882 0.34329114234537106 0.4654977573702042 0.5616369204779255 0.6303529381609605 0.6763122871747516 0.7038243939201319 0.7159832417085963 0.7145944583998362 0.7001642694626861 0.6717926771374176 0.6270033458822923 0.5616975566454301 0.4719049671275418 0.3635848348916406 0.26834905184821056 0.0 0.0 
0.0 0.0 0.03835217013298292 0.11016197215321549 0.21441222498504736 0.317092702722673 0.4013515181292963 0.46334262187208974 0.5036281728589241 0.5237757292380247 0.525033382003335 0.5078396174415905 0.4716335020070232 0.41503885423382403 0.3370439651447302 0.2411024501942075 0.14390829505923852 0.07310906603553208 0.0 0.0 
0.0 0.0 -0.023261060591970667 0.0014534479825256685 0.06550911231124479 0.14486856796076109 0.22028218052454318 0.281652247556201 0.3246572289779916 0.3478798681355033 0.3510534104033956 0.3342654053569632 0.29775789236629596 0.24243512630659714 0.1715605521390826 0.09420868102955937 0.028726552423258944 -0.0035085116295228425 0.0 0.0 
0.0 0.0 -0.041059840135561756 -0.04520094008573375 -0.016559477513175325 0.032555178441708965 0.08755127528443687 0.13729161434744364 0.17478744412011304 0.19624416953958415 0.19993981991686854 0.1855868913911724 0.15421062781828174 0.10867208666758274 0.05493140829791715 0.003642024154229123 -0.030107353775880086 -0.03288709620221786 0.0 0.0 
0.0 0.0 -0.04271745245102969 -0.06247210965848851 -0.05945536158409234 -0.03753137297464677 -0.005373297983716663 0.027942910171408097 0.05518540213820085 0.07158073430374627 0.0745971899835865 0.0637228978336189 0.04046308252650707 0.0086667177263679 -0.024959246292528145 -0.05087759101218231 -0.05874249084535892 -0.042343922353118915 0.0 0.0 
0.0 0.0 -0.039170225624775096 -0.06675097841913218 -0.08088792656272611 -0.08035960536875641 -0.06888487034379293 -0.052485424536286115 -0.037104197178512446 -0.02725479999829046 -0.02555613512989585 -0.032553502596588124 -0.046616186215482566 -0.0638476393881548 -0.07821994138404903 -0.08256722092934082 -0.07116994843479765 -0.043306384955184275 0.0 0.0 
0.0 0.0 -0.034723288064214604 -0.06604201530203574 -0.09136150450496958 -0.1066742646415227 -0.11215335719286185 -0.11086424036004933 -0.10683377237262502 -0.10356612190358397 -0.10324715895189625 -0.10631611728821375 -0.11130340154192618 -0.11492474193009748 -0.11261614999706528 -0.09993221838126994 -0.07500555479664275 -0.04083379438574873 0.0 0.0 
0.0 0.0 -0.03091459188657129 -0.06405022689653173 -0.09671717478014556 -0.12347456814683333 -0.14210864212768848 -0.15323901566445589 -0.15893183789301346 -0.1613925722841929 -0.16211819833246682 -0.16138502000780613 -0.15807515406620976 -0.1498743789316117 -0.13396982906287286 -0.10847492813593469 -0.07446392755241033 -0.03722019980937262 0.0 0.0 
0.0 0.0 -0.0281095714386852 -0.062256948299036996 -0.09989536023608445 -0.1348559275001259 -0.16335500565982874 -0.1841364630625958 -0.19754628716670097 -0.20450797436771376 -0.2057835930185167 -0.20149732889945776 -0.19098494163340396 -0.1730234956118648 -0.14651894271941973 -0.11174796533029281 -0.07188946292325832 -0.03350672560712395 0.0 0.0 
0.0 0.0 -0.02617517459222802 -0.06098317332671731 -0.10204792472056445 -0.14282314980943206 -0.1785007640654146 -0.20644896985251787 -0.22562845099690051 -0.23585251111982725 -0.23722447127042068 -0.22976044929199052 -0.2132782543990033 -0.18760895227728097 -0.15317268580279447 -0.11194830472551916 -0.068536944959081 -0.03012620524863311 0.0 0.0 
0.0 0.0 -0.024773126272182637 -0.05994971652577094 -0.10326867853498252 -0.14799523627972566 -0.18866894764960357 -0.22168325384318463 -0.24494218723326996 -0.2573696341218805 -0.25853438807454887 -0.24839249756215603 -0.22721796436888433 -0.1957680514905952 -0.15570238155453947 -0.11026452619790503 -0.06495531562692339 -0.027176625814546412 0.0 0.0 
0.0 0.0 -0.02348133621957863 -0.05857058305577645 -0.10305235234546462 -0.1501438442750042 -0.19400104125101436 -0.23034632411541234 -0.2563017017247502 -0.27010926030525384 -0.27092876459513554 -0.258693745864883 -0.23407766951296266 -0.1986014198291771 -0.15488735014348487 -0.10707206748523054 -0.061167259205202607 -0.02452581249522339 0.0 0.0 
0.0 0.0 -0.021789697866961305 -0.056009682152021734 -0.1004390108255135 -0.14839727823999133 -0.19385997339164074 -0.23209168527935237 -0.25963429633608437 -0.2742131321382527 -0.2746822035453681 -0.2609750617956707 -0.23409670328747684 -0.19617347814020625 -0.1505545955815228 -0.10198437073846403 -0.05670250502493902 -0.02181860389019774 0.0 0.0 
0.0 0.0 -0.018951271080083397 -0.05093598285377121 -0.09369574634742371 -0.14083949488645914 -0.18631810564774204 -0.22507904278300606 -0.2532264212877922 -0.2680950935964714 -0.26831094373204 -0.2538112872566879 -0.22585498299505757 -0.18702749866795926 -0.14121920981550629 -0.09358633756691384 -0.05040389285593351 -0.0183629458798064 0.0 0.0 
0.0 0.0 -0.013664146757163622 -0.04089863231922926 -0.07935741997891153 -0.12315848931091077 -0.1663677363022394 -0.20376247851590212 -0.2311815853281789 -0.24572324384950806 -0.24586714157806758 -0.23153400318490103 -0.20411419652405352 -0.16645972816896587 -0.12279701387535719 -0.07852948197067877 -0.03984010776593357 -0.01283179258599772 0.0 0.0 
0.0 0.0 -0.003631822169144691 -0.021362311405119128 -0.05047942130148816 -0.08580768447194355 -0.1218268095040692 -0.15360115600502866 -0.177199394004737 -0.18987459679787588 -0.1901551132736676 -0.17790581621513285 -0.1543848032217182 -0.12227626170609453 -0.0856403980828285 -0.04969750829698953 -0.020292697751722634 -0.0028051174797395946 0.0 0.0 
0.0 0.0 0.0 0.0 0.0 0.0 0.0 0.0 0.0 0.0 0.0 0.0 0.0 0.0 0.0 0.0 0.0 0.0 0.0 0.0 
0.0 0.0 0.0 0.0 0.0 0.0 0.0 0.0 0.0 0.0 0.0 0.0 0.0 0.0 0.0 0.0 0.0 0.0 0.0 0.0 
