-2.247022502306814
-2.0526704288415356
-1.8693611945198991
-1.6970019003285444
-1.5354395813727009
-1.3844633476620767
-1.2438073140523436
-1.113154258425048
-0.9921399334036511
-0.8803579455372564
-0.7773651072132679
-0.6826871607330989
-0.5958247710165845
-0.5162596831798699
-0.4434609435335562
-0.3768910870533301
-0.31601220069428915
-0.26029177961932076
-0.2092083020431575
-0.16225645752231
-0.11895197275099073
-0.07883598791890029
-0.04147894518951395
-0.006483958695207104
0.026510357463791972
0.05782762038116398
0.08775198014295467
0.11652699856509635
0.14435510632487336
0.171397635208543
0.19777541736819088
0.22356993836589506
0.24882502523465336
0.2735490447135427
0.29771758019931266
0.3212765488545175
0.3441457128571606
0.36622253117506737
0.3873862907689265
0.4075024490883986
0.42642711347322176
0.44401157796269924
0.46010683439707184
0.47456797287418895
0.4872583868621753
0.498053700750119
0.5068453424462949
0.5135436908153702
0.5180807371924465
0.5204122117352619
0.5205191386972412
0.5184087994628598
0.514115097955763
0.5076983393330551
0.49924444921102606
0.48886367651571977
0.47668883791730243
0.4628731752255166
0.44758790868215104
0.43101957844025723
0.4133672734018476
0.39483985081372
0.3756532514985892
0.356028014311931
0.33618708942357867
0.3163540434473553
0.2967517404455447
0.2776015716050396
0.25912329310781473
0.24153551656915567
0.22505687952109493
0.2099079048445329
0.19631353779635033
0.184506327249089
0.17473019378625215
0.16724470112091827
0.16232971860661216
0.16029033101955148
0.1614618169292188
0.16621447848561874
0.17495806305927245
0.1881454707313776
0.20627539120390717
0.2298934596113528
0.2595914636434702
0.29600407543466994
0.3398025224507199
0.39168455430376603
0.45236000991102576
0.522531245270703
0.6028676507408764
0.6939734732892912
0.7963481698134565
0.910338559258554
1.0360821216771554
1.1734409201576002
1.321925805961857
1.4806108180619795
1.6480380156831604
1.8221133966495449
1.9999950652018583