0 
0 0 0 0 0 0 0 0 0 0 0 0 0 0 0 0 0 0 0 0 0 0 0 0 0 0 0 0 0 0 0 0 0 0 0 0 0 0 0 0 0 0 0 0 0 0 0 0 0 0 0 0 0 0 0 0 0 0 0 0 0 0 0 0 0 0 0 0 0 0 0 0 0 0 0 0 0 0 0 0 0 0 0 0 0 0 0 0 0 0 0 0 0 0 0 0 0 0 0 0 
0 0 0 0 0 0 0 0 0 0 0 0 0 0 0 0 0 0 0 0 0 0 0 0 0 0 0 0 0 0 0 0 0 0 0 0 0 0 0 0 0 0 0 0 0 0 0 0 0 0 0 0 0 0 0 0 0 0 0 0 0 0 0 0 0 0 0 0 0 0 0 0 0 0 0 0 0 0 0 0 0 0 0 0 0 0 0 0 0 0 0 0 0 0 0 0 0 0 0 0 
0 0 0 0 0 0 0 0 0 0 0 0 0 0 0 0 0 0 0 0 0 0 0 0 0 0 0 0 0 0 0 0 0 0 0 0 0 0 0 0 0 0 0 0 0 0 0 0 0 0 0 0 0 0 0 0 0 0 0 0 0 0 0 0 0 0 0 0 0 0 0 0 0 0 0 0 0 0 0 0 0 0 0 0 0 0 0 0 0 0 0 0 0 0 0 0 0 0 0 0 
0 0 0 0 0 0 0 0 0 0 0 0 0 0 0 0 0 0 0 0 0 0 0 0 0 0 0 0 0 0 0 0 0 0 0 0 0 0 0 0 0 0 0 0 0 0 0 0 0 0 0 0 0 0 0 0 0 0 0 0 0 0 0 0 0 0 0 0 0 0 0 0 0 0 0 0 0 0 0 0 0 0 0 0 0 0 0 0 0 0 0 0 0 0 0 0 0 0 0 0 
0 0 0 0 0 0 0 0 0 0 0 0 0 0 0 0 0 0 0 0 0 0 0 0 0 0 0 0 0 0 0 0 0 0 0 0 0 0 0 0 0 0 0 0 0 0 0 0 0 0 0 0 0 0 0 0 0 0 0 0 0 0 0 0 0 0 0 0 0 0 0 0 0 0 0 0 0 0 0 0 0 0 0 0 0 0 0 0 0 0 0 0 0 0 0 0 0 0 0 0 
0 0 0 0 0 0 0 0 0 0 0 0 0 0 0 0 0 0 0 0 0 0 0 0 0 0 0 0 0 0 0 0 0 0 0 0 0 0 0 0 0 0 0 0 0 0 0 0 0 0 0 0 0 0 0 0 0 0 0 0 0 0 0 0 0 0 0 0 0 0 0 0 0 0 0 0 0 0 0 0 0 0 0 0 0 0 0 0 0 0 0 0 0 0 0 0 0 0 0 0 
0 0 0 0 0 0 0 0 0 0 0 0 0 0 0 0 0 0 0 0 0 0 0 0 0 0 0 0 0 0 0 0 0 0 0 0 0 0 0 0 0 0 0 0 0 0 0 0 0 0 0 0 0 0 0 0 0 0 0 0 0 0 0 0 0 0 0 0 0 0 0 0 0 0 0 0 0 0 0 0 0 0 0 0 0 0 0 0 0 0 0 0 0 0 0 0 0 0 0 0 
0 0 0 0 0 0 0 0 0 0 0 0 0 0 0 0 0 0 0 0 0 0 0 0 0 0 0 0 0 0 0 0 0 0 0 0 0 0 0 0 0 0 0 0 0 0 0 0 0 0 0 0 0 0 0 0 0 0 0 0 0 0 0 0 0 0 0 0 0 0 0 0 0 0 0 0 0 0 0 0 0 0 0 0 0 0 0 0 0 0 0 0 0 0 0 0 0 0 0 0 
0 0 0 0 0 0 0 0 0 0 0 0 0 0 0 0 0 0 0 0 0 0 0 0 0 0 0 0 0 0 0 0 0 0 0 0 0 0 0 0 0 0 0 0 0 0 0 0 0 0 0 0 0 0 0 0 0 0 0 0 0 0 0 0 0 0 0 0 0 0 0 0 0 0 0 0 0 0 0 0 0 0 0 0 0 0 0 0 0 0 0 0 0 0 0 0 0 0 0 0 
0 0 0 0 0 0 0 0 0 0 0 0 0 0 0 0 0 0 0 0 0 0 0 0 0 0 0 0 0 0 0 0 0 0 0 0 0 0 0 0 0 0 0 0 0 0 0 0 0 0 0 0 0 0 0 0 0 0 0 0 0 0 0 0 0 0 0 0 0 0 0 0 0 0 0 0 0 0 0 0 0 0 0 0 0 0 0 0 0 0 0 0 0 0 0 0 0 0 0 0 
0 0 0 0 0 0 0 0 0 0 0 0 0 0 0 0 0 0 0 0 0 0 0 0 0 0 0 0 0 0 0 0 0 0 0 0 0 0 0 0 0 0 0 0 0 0 0 0 0 0 0 0 0 0 0 0 0 0 0 0 0 0 0 0 0 0 0 0 0 0 0 0 0 0 0 0 0 0 0 0 0 0 0 0 0 0 0 0 0 0 0 0 0 0 0 0 0 0 0 0 
1.97051e-41 1.0375e-40 4.08181e-40 1.42149e-39 4.61843e-39 1.43242e-38 4.29145e-38 1.25025e-37 3.55621e-37 9.9006e-37 2.70216e-36 7.23739e-36 1.90356e-35 4.91879e-35 1.24906e-34 3.11763e-34 7.64954e-34 1.84523e-33 4.37617e-33 1.02041e-32 2.33936e-32 5.27306e-32 1.16861e-31 2.5463e-31 5.45477e-31 1.14884e-30 2.37874e-30 4.84202e-30 9.68906e-30 1.90589e-29 3.68515e-29 7.00387e-29 1.30835e-28 2.40211e-28 4.33434e-28 7.68578e-28 1.33926e-27 2.2931e-27 3.85779e-27 6.37647e-27 1.03542e-26 1.65165e-26 2.58791e-26 3.98267e-26 6.01944e-26 8.93423e-26 1.30208e-25 1.86318e-25 2.61737e-25 3.60931e-25 4.88522e-25 6.48924e-25 8.4587e-25 1.08183e-24 1.35738e-24 1.67061e-24 2.01658e-24 2.38704e-24 2.77038e-24 3.15198e-24 3.51492e-24 3.84113e-24 4.11272e-24 4.31359e-24 4.43094e-24 4.45661e-24 4.38793e-24 4.22818e-24 3.98631e-24 3.67613e-24 3.31499e-24 2.92219e-24 2.51724e-24 2.11825e-24 1.74061e-24 1.39613e-24 1.0926e-24 8.33907e-25 6.20417e-25 4.49718e-25 3.17433e-25 2.18057e-25 1.4569e-25 9.46132e-26 5.96807e-26 3.65392e-26 2.16964e-26 1.24841e-26 6.95481e-27 3.74764e-27 1.95135e-27 9.80725e-28 4.75211e-28 2.21722e-28 9.94789e-29 4.28563e-29 1.76939e-29 6.8608e-30 0 0 
1.75579e-39 9.24581e-39 3.6384e-38 1.26744e-37 4.11932e-37 1.27807e-36 3.8303e-36 1.11623e-35 3.17577e-35 8.84283e-35 2.4136e-34 6.46416e-34 1.69988e-33 4.39111e-33 1.11456e-32 2.78024e-32 6.81661e-32 1.64283e-31 3.89204e-31 9.06422e-31 2.07519e-30 4.67046e-30 1.03331e-29 2.24734e-29 4.80465e-29 1.00972e-28 2.0858e-28 4.2351e-28 8.452e-28 1.65784e-27 3.19593e-27 6.05483e-27 1.12729e-26 2.06243e-26 3.70773e-26 6.54933e-26 1.13663e-25 1.93798e-25 3.24607e-25 5.34091e-25 8.63154e-25 1.37008e-24 2.13575e-24 3.26939e-24 4.91428e-24 7.25249e-24 1.05077e-23 1.49445e-23 2.08622e-23 2.85824e-23 3.8428e-23 5.0694e-23 6.56102e-23 8.32985e-23 1.03728e-22 1.26673e-22 1.51685e-22 1.78074e-22 2.04923e-22 2.31119e-22 2.55423e-22 2.76555e-22 2.93302e-22 3.04627e-22 3.09774e-22 3.08351e-22 3.00373e-22 2.86272e-22 2.66856e-22 2.43238e-22 2.16722e-22 1.8869e-22 1.60479e-22 1.33275e-22 1.08036e-22 8.54468e-23 6.59075e-23 4.95543e-23 3.63007e-23 2.58944e-23 1.79764e-23 1.2138e-23 7.96633e-24 5.07853e-24 3.14246e-24 1.8859e-24 1.09679e-24 6.17592e-25 3.36391e-25 1.77058e-25 8.99589e-26 4.40686e-26 2.07889e-26 9.4312e-27 4.10876e-27 1.71625e-27 6.85967e-28 2.5739e-28 0 0 
7.74915e-38 4.08123e-37 1.60643e-36 5.59773e-36 1.81995e-35 5.64868e-35 1.69348e-34 4.93669e-34 1.40488e-33 3.91249e-33 1.06796e-32 2.86008e-32 7.51981e-32 1.94189e-31 4.92666e-31 1.2282e-30 3.00902e-30 7.24522e-30 1.71462e-29 3.98828e-29 9.11816e-29 2.04896e-28 4.52541e-28 9.82374e-28 2.09594e-27 4.39497e-27 9.05717e-27 1.83433e-26 3.65083e-26 7.14038e-26 1.37229e-25 2.59148e-25 4.80844e-25 8.76584e-25 1.56997e-24 2.76231e-24 4.7743e-24 8.10544e-24 1.35158e-23 2.21348e-23 3.55997e-23 5.62234e-23 8.71877e-23 1.32746e-22 1.98417e-22 2.91129e-22 4.19276e-22 5.92622e-22 8.22002e-22 1.11876e-21 1.49389e-21 1.9569e-21 2.51437e-21 3.16842e-21 3.91518e-21 4.74341e-21 5.63372e-21 6.55837e-21 7.48203e-21 8.36353e-21 9.15853e-21 9.82298e-21 1.0317e-20 1.06086e-20 1.06773e-20 1.05161e-20 1.01328e-20 9.54915e-21 8.79901e-21 7.92509e-21 6.97484e-21 5.99616e-21 5.0334e-21 4.12409e-21 3.29681e-21 2.5702e-21 1.95318e-21 1.44611e-21 1.0426e-21 7.31553e-22 4.99255e-22 3.31185e-22 2.13401e-22 1.33471e-22 8.09661e-23 4.75984e-23 2.7094e-23 1.49189e-23 7.93876e-24 4.07805e-24 2.01994e-24 9.63552e-25 4.42063e-25 1.9478e-25 8.22962e-26 3.32859e-26 1.28611e-26 4.6624e-27 0 0 
2.25852e-36 1.18968e-35 4.68392e-35 1.63267e-34 5.31013e-34 1.64876e-33 4.9448e-33 1.44194e-32 4.10453e-32 1.14328e-31 3.12094e-31 8.35773e-31 2.19704e-30 5.67176e-30 1.43828e-29 3.58337e-29 8.77225e-29 2.11024e-28 4.98856e-28 1.1589e-27 2.64576e-27 5.93592e-27 1.30874e-26 2.83555e-26 6.03717e-26 1.26308e-25 2.59665e-25 5.24528e-25 1.04107e-24 2.03017e-24 3.8896e-24 7.32111e-24 1.35372e-23 2.45886e-23 4.38702e-23 7.68797e-23 1.32322e-22 2.23665e-22 3.71266e-22 6.05143e-22 9.68468e-22 1.5217e-21 2.34724e-21 3.5541e-21 5.28208e-21 7.70447e-21 1.10281e-20 1.54892e-20 2.13445e-20 2.8855e-20 3.8263e-20 4.97632e-20 6.34676e-20 7.93691e-20 9.73069e-20 1.1694e-19 1.37735e-19 1.58969e-19 1.79761e-19 1.99118e-19 2.16011e-19 2.29458e-19 2.38616e-19 2.42866e-19 2.41879e-19 2.35661e-19 2.24551e-19 2.09197e-19 1.90493e-19 1.69491e-19 1.47302e-19 1.24999e-19 1.03531e-19 8.36621e-20 6.59303e-20 5.06453e-20 3.79033e-20 2.7623e-20 1.95918e-20 1.35155e-20 9.06297e-21 5.90327e-21 3.73241e-21 2.2889e-21 1.36035e-21 7.82861e-22 4.35837e-22 2.34497e-22 1.21804e-22 6.10107e-23 2.94329e-23 1.36576e-23 6.0871e-24 2.6018e-24 1.06474e-24 4.16418e-25 1.55302e-25 5.43025e-26 0 0 
4.88995e-35 2.57622e-34 1.01455e-33 3.53761e-33 1.15101e-32 3.57523e-32 1.07266e-31 3.12902e-31 8.90931e-31 2.48207e-30 6.77611e-30 1.81453e-29 4.76909e-29 1.23076e-28 3.11957e-28 7.76731e-28 1.89998e-27 4.56623e-27 1.07824e-26 2.50168e-26 5.70308e-26 1.27745e-25 2.81147e-25 6.07953e-25 1.29164e-24 2.69613e-24 5.52905e-24 1.11393e-23 2.20467e-23 4.28642e-23 8.18631e-23 1.53569e-22 2.82957e-22 5.12051e-22 9.10034e-22 1.58828e-21 2.72203e-21 4.58064e-21 7.56826e-21 1.22764e-20 1.95485e-20 3.05555e-20 4.68773e-20 7.05817e-20 1.04289e-19 1.51202e-19 2.15083e-19 3.00149e-19 4.10867e-19 5.51629e-19 7.2631e-19 9.37715e-19 1.18696e-18 1.47283e-18 1.79127e-18 2.13497e-18 2.4933e-18 2.85257e-18 3.19667e-18 3.50814e-18 3.76953e-18 3.96494e-18 4.08158e-18 4.11112e-18 4.05062e-18 3.90301e-18 3.67681e-18 3.38536e-18 3.04555e-18 2.67611e-18 2.29597e-18 1.92258e-18 1.57067e-18 1.25134e-18 9.71767e-19 7.35238e-19 5.41687e-19 3.88403e-19 2.70878e-19 1.83633e-19 1.20926e-19 7.7299e-20 4.79273e-20 2.88002e-20 1.67585e-20 9.43416e-21 5.13298e-21 2.69636e-21 1.36595e-21 6.66518e-22 3.12856e-22 1.41065e-22 6.10065e-23 2.52638e-23 1.00002e-23 3.77623e-24 1.35718e-24 4.56891e-25 0 0 
8.38861e-34 4.42021e-33 1.74122e-32 6.0735e-32 1.97689e-31 6.14307e-31 1.84381e-30 5.38044e-30 1.53242e-29 4.27005e-29 1.16583e-28 3.12176e-28 8.20342e-28 2.11637e-27 5.36173e-27 1.33415e-26 3.26087e-26 7.82931e-26 1.84667e-25 4.27898e-25 9.74041e-25 2.1782e-24 4.78518e-24 1.03269e-23 2.18928e-23 4.55913e-23 9.32606e-23 1.87385e-22 3.69806e-22 7.168e-22 1.36454e-21 2.55105e-21 4.68352e-21 8.44348e-21 1.49466e-20 2.5978e-20 4.43285e-20 7.42583e-20 1.22112e-19 1.97103e-19 3.12256e-19 4.85485e-19 7.40711e-19 1.1089e-18 1.62877e-18 2.34698e-18 3.31739e-18 4.5991e-18 6.25298e-18 8.33657e-18 1.08973e-17 1.39645e-17 1.75405e-17 2.1593e-17 2.60475e-17 3.07848e-17 3.56408e-17 4.04132e-17 4.48728e-17 4.87801e-17 5.19051e-17 5.40494e-17 5.5066e-17 5.48758e-17 5.34774e-17 5.09484e-17 4.74388e-17 4.31563e-17 3.83457e-17 3.32658e-17 2.81659e-17 2.32659e-17 1.87414e-17 1.47154e-17 1.12569e-17 8.3853e-18 6.07903e-18 4.28657e-18 2.93817e-18 1.95635e-18 1.26448e-18 7.92767e-19 4.81725e-19 2.83465e-19 1.6138e-19 8.88028e-20 4.71816e-20 2.41769e-20 1.19341e-20 5.66729e-21 2.58555e-21 1.13154e-21 4.74256e-22 1.90028e-22 7.2652e-23 2.64476e-23 9.14458e-24 2.95835e-24 0 0 
1.18761e-32 6.25903e-32 2.46626e-31 8.60564e-31 2.80224e-30 8.71157e-30 2.61582e-29 7.6361e-29 2.17551e-28 6.06325e-28 1.65557e-27 4.43298e-27 1.1647e-26 3.00378e-26 7.60623e-26 1.89141e-25 4.61916e-25 1.10797e-24 2.61031e-24 6.0404e-24 1.37294e-23 3.06509e-23 6.72109e-23 1.44754e-22 3.06198e-22 6.36133e-22 1.29793e-21 2.60072e-21 5.11754e-21 9.88859e-21 1.87626e-20 3.49553e-20 6.394e-20 1.14828e-19 2.02447e-19 3.50375e-19 5.95233e-19 9.92522e-19 1.62428e-18 2.60863e-18 4.11114e-18 6.35726e-18 9.64489e-18 1.4355e-17 2.09577e-17 3.00105e-17 4.21449e-17 5.80378e-17 7.83642e-17 1.03732e-16 1.34598e-16 1.71173e-16 2.13326e-16 2.60492e-16 3.11619e-16 3.65138e-16 4.19004e-16 4.70793e-16 5.17853e-16 5.57518e-16 5.87346e-16 6.05359e-16 6.10252e-16 6.0155e-16 5.79672e-16 5.45901e-16 5.02265e-16 4.51334e-16 3.95964e-16 3.39035e-16 2.83201e-16 2.30686e-16 1.83159e-16 1.41681e-16 1.0672e-16 7.82337e-17 5.57838e-17 3.86651e-17 2.60341e-17 1.70166e-17 1.07891e-17 6.63031e-18 3.94594e-18 2.27217e-18 1.26469e-18 6.79713e-19 3.5236e-19 1.75973e-19 8.45569e-20 3.90386e-20 1.72916e-20 7.33622e-21 2.97609e-21 1.15221e-21 4.24841e-22 1.48849e-22 4.94256e-23 1.53354e-23 0 0 
1.42712e-31 7.52271e-31 2.96508e-30 1.03501e-29 3.37174e-29 1.04867e-28 3.15021e-28 9.19965e-28 2.62179e-27 7.30862e-27 1.99582e-26 5.34385e-26 1.40376e-25 3.61913e-25 9.15992e-25 2.27626e-24 5.55443e-24 1.33097e-23 3.13201e-23 7.23786e-23 1.6426e-22 3.66086e-22 8.01234e-22 1.72207e-21 3.63453e-21 7.53248e-21 1.53287e-20 3.0629e-20 6.00904e-20 1.15745e-19 2.18877e-19 4.06331e-19 7.40486e-19 1.3246e-18 2.32572e-18 4.00778e-18 6.77793e-18 1.12487e-17 1.83184e-17 2.92696e-17 4.58832e-17 7.05602e-17 1.06437e-16 1.57476e-16 2.28494e-16 3.2511e-16 4.53558e-16 6.20341e-16 8.31708e-16 1.09294e-15 1.40752e-15 1.77614e-15 2.19586e-15 2.65931e-15 3.15427e-15 3.6637e-15 4.16633e-15 4.63786e-15 5.05272e-15 5.38621e-15 5.61687e-15 5.72868e-15 5.71288e-15 5.56901e-15 5.30518e-15 4.9373e-15 4.48751e-15 3.98197e-15 3.44834e-15 2.91319e-15 2.39992e-15 1.92707e-15 1.50754e-15 1.1484e-15 8.51395e-16 6.13957e-16 4.30376e-16 2.93075e-16 1.93744e-16 1.24244e-16 7.72282e-17 4.64906e-17 2.70802e-17 1.52482e-17 8.29123e-18 4.34883e-18 2.19769e-18 1.06869e-18 4.99379e-19 2.23906e-19 9.61761e-20 3.95079e-20 1.54918e-20 5.78679e-21 2.05457e-21 6.91651e-22 2.20152e-22 6.53781e-23 0 0 
1.48582e-30 7.83369e-30 3.08861e-29 1.07856e-28 3.51518e-28 1.0938e-27 3.28725e-27 9.60373e-27 2.73784e-26 7.63388e-26 2.08486e-25 5.5821e-25 1.46609e-24 3.77854e-24 9.5586e-24 2.37375e-23 5.78742e-23 1.38539e-22 3.25616e-22 7.51442e-22 1.70271e-21 3.78823e-21 8.27519e-21 1.77482e-20 3.73729e-20 7.72628e-20 1.56812e-19 3.12443e-19 6.11113e-19 1.17331e-18 2.2112e-18 4.09013e-18 7.42539e-18 1.32296e-17 2.3131e-17 3.96853e-17 6.68072e-17 1.10342e-16 1.78793e-16 2.84194e-16 4.43092e-16 6.77565e-16 1.01611e-15 1.49426e-15 2.15454e-15 3.04567e-15 4.22045e-15 5.73231e-15 7.63033e-15 9.95269e-15 1.27193e-14 1.59237e-14 1.95264e-14 2.3449e-14 2.75727e-14 3.17403e-14 3.57631e-14 3.94338e-14 4.25421e-14 4.48943e-14 4.63323e-14 4.67506e-14 4.61093e-14 4.4439e-14 4.18395e-14 3.84694e-14 3.45306e-14 3.0248e-14 2.58479e-14 2.15383e-14 1.7493e-14 1.38415e-14 1.06647e-14 7.99713e-15 5.83297e-15 4.13576e-15 2.84872e-15 1.90491e-15 1.2357e-15 7.77002e-16 4.73197e-16 2.78859e-16 1.58868e-16 8.74083e-17 4.6394e-17 2.37276e-17 1.16785e-17 5.52418e-18 2.50766e-18 1.09071e-18 4.53779e-19 1.80251e-19 6.82239e-20 2.4551e-20 8.37985e-21 2.70578e-21 8.24026e-22 2.33731e-22 0 0 
1.36145e-29 7.17942e-29 2.83156e-28 9.892e-28 3.22546e-27 1.00414e-26 3.01922e-26 8.8244e-26 2.51653e-25 7.01847e-25 1.91701e-24 5.13255e-24 1.34778e-23 3.47245e-23 8.7798e-23 2.17886e-22 5.30771e-22 1.26924e-21 2.97953e-21 6.86639e-21 1.5534e-20 3.44993e-20 7.52144e-20 1.6097e-19 3.38169e-19 6.97349e-19 1.4115e-18 2.8042e-18 5.46781e-18 1.04635e-17 1.96505e-17 3.62146e-17 6.54907e-17 1.16208e-16 2.02312e-16 3.45547e-16 5.78979e-16 9.51598e-16 1.53407e-15 2.42548e-15 3.76075e-15 5.71786e-15 8.52381e-15 1.24574e-14 1.78473e-14 2.5062e-14 3.44911e-14 4.6515e-14 6.14634e-14 7.95645e-14 1.00888e-13 1.25288e-13 1.52358e-13 1.81399e-13 2.11416e-13 2.41156e-13 2.69173e-13 2.93932e-13 3.13943e-13 3.27902e-13 3.34827e-13 3.34169e-13 3.25883e-13 3.10442e-13 2.88793e-13 2.62261e-13 2.32417e-13 2.00921e-13 1.69367e-13 1.39154e-13 1.11383e-13 8.68135e-14 6.58528e-14 4.85888e-14 3.48509e-14 2.42845e-14 1.64281e-14 1.07814e-14 6.85885e-15 4.2263e-15 2.52011e-15 1.45283e-15 8.08933e-16 4.34551e-16 2.24956e-16 1.12084e-16 5.36781e-17 2.46738e-17 1.08689e-17 4.5806e-18 1.84354e-18 7.07166e-19 2.57986e-19 8.93017e-20 2.92546e-20 9.04426e-21 2.63034e-21 7.11133e-22 0 0 
1.11153e-28 5.86278e-28 2.31305e-27 8.08409e-27 2.63725e-26 8.21434e-26 2.47109e-25 7.22552e-25 2.0613e-24 5.7503e-24 1.57081e-23 4.20557e-23 1.10416e-22 2.84381e-22 7.18664e-22 1.78225e-21 4.33779e-21 1.0362e-20 2.42947e-20 5.59076e-20 1.26277e-19 2.7994e-19 6.091e-19 1.30072e-18 2.72607e-18 5.60708e-18 1.13179e-17 2.24185e-17 4.35752e-17 8.31081e-17 1.55524e-16 2.85545e-16 5.14342e-16 9.08865e-16 1.57539e-15 2.67848e-15 4.46649e-15 7.30446e-15 1.17143e-14 1.8421e-14 2.84015e-14 4.29294e-14 6.36079e-14 9.23774e-14 1.31483e-13 1.83388e-13 2.50622e-13 3.35549e-13 4.40075e-13 5.65287e-13 7.11081e-13 8.75809e-13 1.05601e-12 1.24631e-12 1.43946e-12 1.6267e-12 1.79831e-12 1.94434e-12 2.0556e-12 2.1245e-12 2.14594e-12 2.11788e-12 2.04166e-12 1.9219e-12 1.76604e-12 1.58358e-12 1.38512e-12 1.18134e-12 9.81993e-13 7.95238e-13 6.27088e-13 4.81258e-13 3.59257e-13 2.60707e-13 1.83801e-13 1.25805e-13 8.35398e-14 5.37772e-14 3.35318e-14 2.02345e-14 1.18058e-14 6.65331e-15 3.61785e-15 1.896e-15 9.5646e-16 4.63836e-16 2.15931e-16 9.63507e-17 4.11403e-17 1.67794e-17 6.52447e-18 2.41355e-18 8.47449e-19 2.81729e-19 8.8433e-20 2.61309e-20 7.24404e-21 1.86301e-21 0 0 
8.16696e-28 4.30864e-27 1.70049e-26 5.94586e-26 1.94069e-25 6.04794e-25 1.82031e-24 5.32506e-24 1.5197e-23 4.24054e-23 1.15854e-22 3.10173e-22 8.14208e-22 2.0963e-21 5.29482e-21 1.31217e-20 3.19082e-20 7.61396e-20 1.7829e-19 4.09689e-19 9.23828e-19 2.04424e-18 4.43887e-18 9.45797e-18 1.97742e-17 4.05656e-17 8.1651e-17 1.61247e-16 3.1241e-16 5.93804e-16 1.10719e-15 2.02506e-15 3.63296e-15 6.39242e-15 1.10312e-14 1.86679e-14 3.09781e-14 5.04039e-14 8.04057e-14 1.25743e-13 1.92757e-13 2.8962e-13 4.26471e-13 6.15388e-13 8.70072e-13 1.2052e-12 1.63531e-12 2.17334e-12 2.82866e-12 3.60491e-12 4.49785e-12 5.49341e-12 6.56647e-12 7.68066e-12 8.78944e-12 9.8386e-12 1.07702e-11 1.15275e-11 1.20606e-11 1.23315e-11 1.23185e-11 1.20191e-11 1.14506e-11 1.06484e-11 9.66264e-12 8.55264e-12 7.38121e-12 6.20864e-12 5.08759e-12 4.05945e-12 3.15238e-12 2.38117e-12 1.74852e-12 1.2474e-12 8.6399e-13 5.80593e-13 3.78238e-13 2.38691e-13 1.45784e-13 8.60969e-14 4.91176e-14 2.70396e-14 1.43479e-14 7.32942e-15 3.59984e-15 1.69754e-15 7.67409e-16 3.32047e-16 1.3727e-16 5.41165e-17 2.03034e-17 7.23307e-18 2.44078e-18 7.7809e-19 2.33647e-19 6.58761e-20 1.73775e-20 4.24354e-21 0 0 
5.44487e-27 2.87321e-26 1.13439e-25 3.96831e-25 1.29591e-24 4.0408e-24 1.21685e-23 3.56142e-23 1.01678e-22 2.83797e-22 7.75459e-22 2.07609e-21 5.44878e-21 1.40238e-20 3.54024e-20 8.76715e-20 2.12999e-19 5.07704e-19 1.18732e-18 2.72426e-18 6.13277e-18 1.35451e-17 2.93509e-17 6.23964e-17 1.30132e-16 2.66246e-16 5.34365e-16 1.05203e-15 2.0316e-15 3.84805e-15 7.14849e-15 1.30237e-14 2.32686e-14 4.07658e-14 7.00293e-14 1.17947e-13 1.94755e-13 3.15241e-13 5.00164e-13 7.77784e-13 1.18533e-12 1.77015e-12 2.59014e-12 3.71305e-12 5.21415e-12 7.17176e-12 9.66057e-12 1.27425e-11 1.6456e-11 2.08037e-11 2.57418e-11 3.11708e-11 3.6931e-11 4.28044e-11 4.8524e-11 5.37906e-11 5.82966e-11 6.17542e-11 6.3925e-11 6.4646e-11 6.38497e-11 6.15734e-11 5.79574e-11 5.32301e-11 4.76852e-11 4.16504e-11 3.54556e-11 2.9403e-11 2.37428e-11 1.8659e-11 1.42636e-11 1.05999e-11 7.6531e-12 5.36482e-12 3.64879e-12 2.40598e-12 1.53688e-12 9.50207e-13 5.68109e-13 3.28138e-13 1.82911e-13 9.82866e-14 5.08513e-14 2.52991e-14 1.20866e-14 5.5368e-15 2.42814e-15 1.01766e-15 4.0685e-16 1.54846e-16 5.59819e-17 1.918e-17 6.21129e-18 1.89593e-18 5.43794e-19 1.4607e-19 3.66093e-20 8.47566e-21 0 0 
3.31661e-26 1.75057e-25 6.91418e-25 2.41989e-24 7.90691e-24 2.46688e-23 7.43286e-23 2.1765e-22 6.21639e-22 1.73558e-21 4.74307e-21 1.26982e-20 3.33211e-20 8.57295e-20 2.16303e-19 5.3527e-19 1.29925e-18 3.09343e-18 7.22478e-18 1.6552e-17 3.71974e-17 8.1999e-17 1.77308e-16 3.76062e-16 7.82329e-16 1.59626e-15 3.19436e-15 6.2692e-15 1.20661e-14 2.27732e-14 4.21465e-14 7.64806e-14 1.36071e-13 2.37342e-13 4.05834e-13 6.80223e-13 1.1175e-12 1.79929e-12 2.83906e-12 4.38958e-12 6.64975e-12 9.86905e-12 1.43478e-11 2.04308e-11 2.84921e-11 3.89087e-11 5.20229e-11 6.80938e-11 8.72412e-11 1.09388e-10 1.3421e-10 1.61098e-10 1.8915e-10 2.17197e-10 2.43862e-10 2.6766e-10 2.87127e-10 3.00963e-10 3.08169e-10 3.08164e-10 3.00862e-10 2.86688e-10 2.66542e-10 2.41703e-10 2.13694e-10 1.84129e-10 1.54555e-10 1.26321e-10 1.0048e-10 7.77447e-11 5.84789e-11 4.27368e-11 3.03248e-11 2.08778e-11 1.39362e-11 9.01221e-12 5.6413e-12 3.41505e-12 1.9974e-12 1.12755e-12 6.13663e-13 3.21615e-13 1.62108e-13 7.84775e-14 3.64356e-14 1.61982e-14 6.8839e-15 2.79151e-15 1.07802e-15 3.95613e-16 1.3765e-16 4.52951e-17 1.40579e-17 4.10303e-18 1.12256e-18 2.86895e-19 6.82342e-20 1.49609e-20 0 0 
1.85662e-25 9.80214e-25 3.87306e-24 1.35622e-23 4.43395e-23 1.38418e-22 4.17303e-22 1.22258e-21 3.49334e-21 9.75614e-21 2.66662e-20 7.13908e-20 1.87302e-19 4.81722e-19 1.21476e-18 3.00385e-18 7.28433e-18 1.73238e-17 4.0406e-17 9.24274e-17 2.07351e-16 4.56198e-16 9.84318e-16 2.08276e-15 4.32169e-15 8.79347e-15 1.75446e-14 3.43226e-14 6.58341e-14 1.23804e-13 2.28245e-13 4.12504e-13 7.30776e-13 1.26894e-12 2.15955e-12 3.60178e-12 5.88665e-12 9.42708e-12 1.47912e-11 2.27355e-11 3.42324e-11 5.04839e-11 7.29129e-11 1.03119e-10 1.42792e-10 1.93573e-10 2.56861e-10 3.33582e-10 4.23931e-10 5.27114e-10 6.41149e-10 7.6275e-10 8.87346e-10 1.00927e-09 1.1221e-09 1.21919e-09 1.29426e-09 1.34208e-09 1.35902e-09 1.34349e-09 1.29622e-09 1.22015e-09 1.12018e-09 1.00263e-09 8.7459e-10 7.43171e-10 6.14889e-10 4.95128e-10 3.87814e-10 2.95306e-10 2.18477e-10 1.56944e-10 1.09394e-10 7.39318e-11 4.84088e-11 3.06838e-11 1.88104e-11 1.11424e-11 6.371e-12 3.51249e-12 1.86506e-12 9.52585e-13 4.67374e-13 2.19966e-13 9.91535e-14 4.2737e-14 1.75821e-14 6.89091e-15 2.56756e-15 9.07475e-16 3.03506e-16 9.58043e-17 2.84616e-17 7.93354e-18 2.06813e-18 5.0241e-19 1.13308e-19 2.35169e-20 0 0 
9.59984e-25 5.06964e-24 2.00397e-23 7.02097e-23 2.29678e-22 7.17446e-22 2.16426e-21 6.3441e-21 1.81353e-20 5.06637e-20 1.38501e-19 3.70795e-19 9.72648e-19 2.50065e-18 6.30238e-18 1.55727e-17 3.77276e-17 8.96207e-17 2.08746e-16 4.76749e-16 1.06763e-15 2.34426e-15 5.04699e-15 1.06534e-14 2.20478e-14 4.47342e-14 8.8981e-14 1.73507e-13 3.31647e-13 6.21372e-13 1.14108e-12 2.05374e-12 3.62249e-12 6.26139e-12 1.06048e-11 1.75981e-11 2.86106e-11 4.55662e-11 7.10845e-11 1.08612e-10 1.6252e-10 2.38131e-10 3.41626e-10 4.79801e-10 6.59617e-10 8.87532e-10 1.16863e-09 1.50559e-09 1.8976e-09 2.33938e-09 2.82046e-09 3.32493e-09 3.83182e-09 4.31617e-09 4.75083e-09 5.10878e-09 5.36581e-09 5.50314e-09 5.50963e-09 5.3832e-09 5.1313e-09 4.77019e-09 4.32321e-09 3.8183e-09 3.28508e-09 2.75195e-09 2.24359e-09 1.77923e-09 1.37173e-09 1.02754e-09 7.47389e-10 5.27498e-10 3.61001e-10 2.39373e-10 1.53661e-10 9.541e-11 5.72476e-11 3.31603e-11 1.8523e-11 9.96641e-12 5.15903e-12 2.56584e-12 1.22437e-12 5.59711e-13 2.44725e-13 1.02165e-13 4.06465e-14 1.53805e-14 5.5233e-15 1.87801e-15 6.03083e-16 1.82416e-16 5.18194e-17 1.37822e-17 3.42056e-18 7.89424e-19 1.68791e-19 3.31673e-20 0 0 
4.60485e-24 2.43248e-23 9.61949e-23 3.37208e-22 1.1038e-21 3.45019e-21 1.04144e-20 3.05448e-20 8.73556e-20 2.44121e-19 6.67477e-19 1.78698e-18 4.68668e-18 1.20449e-17 3.03395e-17 7.49088e-17 1.81303e-16 4.3017e-16 1.00056e-15 2.2815e-15 5.09992e-15 1.11755e-14 2.40059e-14 5.05485e-14 1.04333e-13 2.11077e-13 4.1855e-13 8.13432e-13 1.54931e-12 2.89185e-12 5.28939e-12 9.47982e-12 1.66467e-11 2.86391e-11 4.82679e-11 7.96872e-11 1.28858e-10 2.04075e-10 3.16502e-10 4.80652e-10 7.14666e-10 1.04027e-09 1.4822e-09 2.06697e-09 2.82076e-09 3.76657e-09 4.92052e-09 6.28775e-09 7.85828e-09 9.60363e-09 1.14747e-08 1.34018e-08 1.52973e-08 1.70609e-08 1.85878e-08 1.97784e-08 2.05483e-08 2.08386e-08 2.06224e-08 1.99093e-08 1.87444e-08 1.72041e-08 1.53876e-08 1.34063e-08 1.13726e-08 9.38888e-09 7.53973e-09 5.88639e-09 4.46522e-09 3.28904e-09 2.35092e-09 1.62945e-09 1.09434e-09 7.11565e-10 4.47565e-10 2.72066e-10 1.59676e-10 9.03845e-11 4.92887e-11 2.58628e-11 1.30413e-11 6.31073e-12 2.92628e-12 1.29819e-12 5.50063e-13 2.22201e-13 8.54071e-14 3.11705e-14 1.07775e-14 3.52185e-15 1.08487e-15 3.14154e-16 8.52686e-17 2.16255e-17 5.10804e-18 1.1199e-18 2.27097e-19 4.2282e-20 0 0 
2.05705e-23 1.08694e-22 4.30036e-22 1.50835e-21 4.94056e-21 1.54533e-20 4.66761e-20 1.36978e-19 3.91931e-19 1.09565e-18 2.99629e-18 8.0218e-18 2.10349e-17 5.40398e-17 1.36041e-16 3.35625e-16 8.11513e-16 1.92312e-15 4.46678e-15 1.01686e-14 2.26881e-14 4.96138e-14 1.06331e-13 2.23338e-13 4.59717e-13 9.27319e-13 1.83298e-12 3.55023e-12 6.73755e-12 1.25276e-11 2.28206e-11 4.0724e-11 7.11883e-11 1.2189e-10 2.04404e-10 3.35693e-10 5.39862e-10 8.50102e-10 1.31058e-09 1.97795e-09 2.92197e-09 4.22471e-09 5.97758e-09 8.27569e-09 1.12092e-08 1.48517e-08 1.92462e-08 2.439e-08 3.02207e-08 3.66057e-08 4.33373e-08 5.01372e-08 5.66701e-08 6.25672e-08 6.74587e-08 7.10099e-08 7.29581e-08 7.3144e-08 7.15323e-08 6.82185e-08 6.34202e-08 5.74534e-08 5.06981e-08 4.35582e-08 3.64208e-08 2.9622e-08 2.34226e-08 1.79955e-08 1.34257e-08 9.72007e-09 6.82433e-09 4.64283e-09 3.05839e-09 1.94903e-09 1.20051e-09 7.14019e-10 4.09639e-10 2.26442e-10 1.20466e-10 6.1599e-11 3.0234e-11 1.42234e-11 6.40363e-12 2.75451e-12 1.13003e-12 4.41304e-13 1.63723e-13 5.75791e-14 1.91512e-14 6.00941e-15 1.77433e-15 4.91582e-16 1.27423e-16 3.08083e-17 6.92599e-18 1.44306e-18 2.77745e-19 4.90499e-20 0 0 
8.58666e-23 4.53853e-22 1.79647e-21 6.3049e-21 2.06656e-20 6.46841e-20 1.95508e-19 5.74093e-19 1.64345e-18 4.59594e-18 1.2571e-17 3.3656e-17 8.82377e-17 2.26602e-16 5.70118e-16 1.40541e-15 3.39472e-15 8.03493e-15 1.86355e-14 4.23528e-14 9.43192e-14 2.0582e-13 4.40081e-13 9.21984e-13 1.89253e-12 3.80606e-12 7.49893e-12 1.44742e-11 2.73674e-11 5.06868e-11 9.19494e-11 1.63367e-10 2.84258e-10 4.84347e-10 8.08093e-10 1.32005e-09 2.11105e-09 3.30484e-09 5.06403e-09 7.59435e-09 1.11451e-08 1.60039e-08 2.24832e-08 3.08978e-08 4.1531e-08 5.45921e-08 7.01668e-08 8.81675e-08 1.08289e-07 1.29983e-07 1.5245e-07 1.7467e-07 1.95465e-07 2.13588e-07 2.27845e-07 2.37214e-07 2.4097e-07 2.38768e-07 2.30696e-07 2.17275e-07 1.99399e-07 1.78243e-07 1.5513e-07 1.31393e-07 1.08251e-07 8.67067e-08 6.74821e-08 5.10012e-08 3.74067e-08 2.66072e-08 1.83403e-08 1.22415e-08 7.90532e-09 4.93479e-09 2.97487e-09 1.73011e-09 9.69648e-10 5.23096e-10 2.71292e-10 1.35085e-10 6.44874e-11 2.94705e-11 1.28719e-11 5.36404e-12 2.12883e-12 8.03038e-13 2.87324e-13 9.72933e-14 3.11061e-14 9.36648e-15 2.64932e-15 7.01982e-16 1.73743e-16 4.00497e-17 8.57208e-18 1.69836e-18 3.10497e-19 5.20483e-20 0 0 
3.35941e-22 1.7762e-21 7.03414e-21 2.47025e-20 8.10245e-20 2.53795e-19 7.67635e-19 2.25551e-18 6.46015e-18 1.80727e-17 4.9443e-17 1.32375e-16 3.46993e-16 8.90766e-16 2.23979e-15 5.51686e-15 1.3312e-14 3.14686e-14 7.28778e-14 1.65347e-13 3.67518e-13 8.0026e-13 1.70704e-12 3.56698e-12 7.3011e-12 1.46382e-11 2.87461e-11 5.5289e-11 1.04146e-10 1.92117e-10 3.47038e-10 6.13829e-10 1.06303e-09 1.80232e-09 2.99139e-09 4.85994e-09 7.72792e-09 1.20261e-08 1.83135e-08 2.72869e-08 3.97762e-08 5.67184e-08 7.91047e-08 1.07894e-07 1.43896e-07 1.87626e-07 2.39142e-07 2.979e-07 3.62624e-07 4.31256e-07 5.0098e-07 5.68356e-07 6.29561e-07 6.80724e-07 7.18304e-07 7.39492e-07 7.42539e-07 7.26995e-07 6.93786e-07 6.45128e-07 5.84288e-07 5.15215e-07 4.42119e-07 3.69039e-07 2.99478e-07 2.36147e-07 1.80828e-07 1.34383e-07 9.68559e-08 6.76542e-08 4.57632e-08 2.99524e-08 1.89522e-08 1.15822e-08 6.82954e-09 3.88144e-09 2.12374e-09 1.11735e-09 5.64536e-10 2.73532e-10 1.26911e-10 5.62968e-11 2.3836e-11 9.61563e-12 3.68886e-12 1.34309e-12 4.63116e-13 1.50893e-13 4.63456e-14 1.33854e-14 3.62579e-15 9.18666e-16 2.17113e-16 4.77252e-17 9.72897e-18 1.83364e-18 3.18468e-19 5.06457e-20 0 0 
1.23519e-21 6.53289e-21 2.5885e-20 9.09623e-20 2.98577e-19 9.35952e-19 2.83297e-18 8.32942e-18 2.38696e-17 6.68023e-17 1.82796e-16 4.89418e-16 1.28267e-15 3.29147e-15 8.27122e-15 2.03561e-14 4.90672e-14 1.15843e-13 2.67875e-13 6.0671e-13 1.34589e-12 2.9242e-12 6.2225e-12 1.29678e-11 2.64666e-11 5.28978e-11 1.0353e-10 1.98409e-10 3.72303e-10 6.83984e-10 1.23021e-09 2.16603e-09 3.7331e-09 6.29735e-09 1.03966e-08 1.6797e-08 2.65543e-08 4.10729e-08 6.21512e-08 9.19951e-08 1.33184e-07 1.88561e-07 2.61043e-07 3.53321e-07 4.67477e-07 6.04531e-07 7.63964e-07 9.43298e-07 1.1378e-06 1.34043e-06 1.54202e-06 1.73186e-06 1.89849e-06 2.03082e-06 2.11928e-06 2.15693e-06 2.14033e-06 2.07006e-06 1.95071e-06 1.79038e-06 1.5998e-06 1.39114e-06 1.17666e-06 9.67599e-07 7.73158e-07 5.99958e-07 4.5184e-07 3.30044e-07 2.33655e-07 1.60201e-07 1.0629e-07 6.81827e-08 4.2249e-08 2.52632e-08 1.45624e-08 8.08287e-09 4.31487e-09 2.21253e-09 1.08828e-09 5.12745e-10 2.3105e-10 9.9414e-11 4.07736e-11 1.59113e-11 5.89638e-12 2.07077e-12 6.87709e-13 2.15488e-13 6.35562e-14 1.7601e-14 4.56511e-15 1.10599e-15 2.49605e-16 5.23261e-17 1.01587e-17 1.82042e-18 2.9997e-19 4.51355e-20 0 0 
4.2785e-21 2.26367e-20 8.97407e-20 3.15571e-19 1.03663e-18 3.25211e-18 9.85105e-18 2.89834e-17 8.31037e-17 2.32671e-16 6.36817e-16 1.70506e-15 4.46785e-15 1.14604e-14 2.87814e-14 7.07737e-14 1.70413e-13 4.01803e-13 9.27705e-13 2.09744e-12 4.64352e-12 1.00664e-11 2.13675e-11 4.44097e-11 9.03703e-11 1.80044e-10 3.5117e-10 6.70526e-10 1.25328e-09 2.29292e-09 4.10587e-09 7.19559e-09 1.23406e-08 2.07101e-08 3.40066e-08 5.46307e-08 8.5854e-08 1.31974e-07 1.98415e-07 2.9172e-07 4.19382e-07 5.89455e-07 8.09894e-07 1.08763e-06 1.42739e-06 1.8304e-06 2.29307e-06 2.80594e-06 3.35313e-06 3.9124e-06 4.45622e-06 4.95363e-06 5.37289e-06 5.68471e-06 5.86552e-06 5.90029e-06 5.78458e-06 5.52528e-06 5.13999e-06 4.65507e-06 4.10262e-06 3.51699e-06 2.93119e-06 2.37384e-06 1.86702e-06 1.4252e-06 1.05523e-06 7.57287e-07 5.26376e-07 3.54085e-07 2.30317e-07 1.44729e-07 8.77769e-08 5.13275e-08 2.89061e-08 1.56599e-08 8.15108e-09 4.0709e-09 1.94808e-09 8.91907e-10 3.9007e-10 1.62686e-10 6.45917e-11 2.43674e-11 8.71752e-12 2.95142e-12 9.43588e-13 2.84227e-13 8.04744e-14 2.13648e-14 5.30498e-15 1.22876e-15 2.64746e-16 5.29009e-17 9.77012e-18 1.66122e-18 2.58795e-19 3.66386e-20 0 0 
1.39924e-20 7.40576e-20 2.93758e-19 1.03373e-18 3.39844e-18 1.06703e-17 3.2347e-17 9.52372e-17 2.73229e-16 7.65297e-16 2.0951e-15 5.60977e-15 1.46969e-14 3.76837e-14 9.45785e-14 2.32369e-13 5.589e-13 1.31604e-12 3.03378e-12 6.84668e-12 1.51269e-11 3.27177e-11 6.92735e-11 1.43578e-10 2.91291e-10 5.78451e-10 1.1243e-09 2.13872e-09 3.98153e-09 7.25345e-09 1.29302e-08 2.25529e-08 3.84856e-08 6.42473e-08 1.04914e-07 1.67569e-07 2.6175e-07 3.99825e-07 5.97162e-07 8.71969e-07 1.24464e-06 1.73644e-06 2.3675e-06 3.15407e-06 4.10521e-06 5.2193e-06 6.48075e-06 7.85771e-06 9.30122e-06 1.07465e-05 1.21167e-05 1.33286e-05 1.4301e-05 1.49627e-05 1.52612e-05 1.51695e-05 1.46898e-05 1.38537e-05 1.27191e-05 1.13634e-05 9.87482e-06 8.3428e-06 6.84911e-06 5.4608e-06 4.22592e-06 3.17215e-06 2.30812e-06 1.62674e-06 1.10967e-06 7.32024e-07 4.66579e-07 2.87066e-07 1.70317e-07 9.73386e-08 5.35266e-08 2.82867e-08 1.43472e-08 6.97471e-09 3.24514e-09 1.44286e-09 6.1206e-10 2.47287e-10 9.49863e-11 3.46221e-11 1.19513e-11 3.89889e-12 1.19948e-12 3.47204e-13 9.43402e-14 2.40027e-14 5.70356e-15 1.26226e-15 2.59381e-16 4.9318e-17 8.64106e-18 1.38815e-18 2.03168e-19 2.68234e-20 0 0 
4.32915e-20 2.29215e-19 9.09739e-19 3.20371e-18 1.05411e-17 3.31249e-17 1.00501e-16 2.96113e-16 8.50036e-16 2.38192e-15 6.52243e-15 1.74649e-14 4.57477e-14 1.17252e-13 2.94091e-13 7.21918e-13 1.73444e-12 4.07853e-12 9.38698e-12 2.11457e-11 4.66214e-11 1.00602e-10 2.12457e-10 4.39102e-10 8.88118e-10 1.75779e-09 3.40433e-09 6.4512e-09 1.1961e-08 2.16959e-08 3.84987e-08 6.68247e-08 1.13452e-07 1.88381e-07 3.05891e-07 4.85692e-07 7.54002e-07 1.14434e-06 1.69768e-06 2.46164e-06 3.48822e-06 4.82984e-06 6.53359e-06 8.63363e-06 1.11427e-05 1.40432e-05 1.72801e-05 2.07563e-05 2.43324e-05 2.78333e-05 3.10589e-05 3.38022e-05 3.58698e-05 3.71037e-05 3.74006e-05 3.67261e-05 3.51202e-05 3.26935e-05 2.96152e-05 2.60934e-05 2.23515e-05 1.86048e-05 1.50402e-05 1.18015e-05 8.98282e-06 6.62806e-06 4.7375e-06 3.27771e-06 2.19328e-06 1.41822e-06 8.85347e-07 5.33061e-07 3.09226e-07 1.72634e-07 9.26429e-08 4.77296e-08 2.35762e-08 1.11497e-08 5.04082e-09 2.17527e-09 8.94489e-10 3.49892e-10 1.29955e-10 4.5743e-11 1.52284e-11 4.78495e-12 1.41593e-12 3.93691e-13 1.02605e-13 2.50017e-14 5.67989e-15 1.1993e-15 2.34517e-16 4.22885e-17 6.99505e-18 1.05443e-18 1.43631e-19 1.74638e-20 0 0 
1.26945e-19 6.72398e-19 2.67033e-18 9.41101e-18 3.09916e-17 9.74757e-17 2.95991e-16 8.72762e-16 2.50695e-15 7.028e-15 1.92497e-14 5.15466e-14 1.34997e-13 3.45858e-13 8.66913e-13 2.12615e-12 5.10236e-12 1.19816e-11 2.75315e-11 6.19027e-11 1.36191e-10 2.93182e-10 6.17532e-10 1.27263e-09 2.56594e-09 5.06141e-09 9.76683e-09 1.8436e-08 3.40397e-08 6.14722e-08 1.08571e-07 1.87524e-07 3.16715e-07 5.23012e-07 8.44394e-07 1.33267e-06 2.05589e-06 3.09976e-06 4.56722e-06 6.57537e-06 9.24854e-06 1.27073e-05 1.70526e-05 2.23473e-05 2.85945e-05 3.57179e-05 4.3547e-05 5.18099e-05 6.01397e-05 6.80936e-05 7.51877e-05 8.09418e-05 8.49311e-05 8.68366e-05 8.64861e-05 8.38785e-05 7.9188e-05 7.27451e-05 6.49981e-05 5.64618e-05 4.766e-05 3.90725e-05 3.10928e-05 2.40026e-05 1.79631e-05 1.30235e-05 9.1406e-06 6.20544e-06 4.07147e-06 2.57939e-06 1.57634e-06 9.28331e-07 5.26261e-07 2.86841e-07 1.50138e-07 7.53681e-08 3.62354e-08 1.6661e-08 7.31522e-09 3.06207e-09 1.21992e-09 4.61756e-10 1.65748e-10 5.63117e-11 1.8071e-11 5.46606e-12 1.5549e-12 4.14982e-13 1.03643e-13 2.4155e-14 5.23653e-15 1.05205e-15 1.9501e-16 3.31697e-17 5.14203e-18 7.20255e-19 9.01533e-20 9.92826e-21 0 0 
3.53392e-19 1.8726e-18 7.4415e-18 2.6247e-17 8.65123e-17 2.72352e-16 8.27743e-16 2.4426e-15 7.02071e-15 1.96911e-14 5.39484e-14 1.44469e-13 3.78288e-13 9.68751e-13 2.42663e-12 5.94602e-12 1.42528e-11 3.3422e-11 7.66697e-11 1.72057e-10 3.77718e-10 8.11151e-10 1.70396e-09 3.50128e-09 7.03691e-09 1.38326e-08 2.65933e-08 4.99987e-08 9.19252e-08 1.65261e-07 2.90489e-07 4.99208e-07 8.38659e-07 1.37722e-06 2.21049e-06 3.46737e-06 5.31483e-06 7.95984e-06 1.16464e-05 1.66456e-05 2.32363e-05 3.16759e-05 4.21622e-05 5.47873e-05 6.94905e-05 8.60166e-05 0.000103889 0.000122405 0.000140662 0.000157617 0.000172177 0.000183306 0.000190146 0.00019212 0.000189015 0.00018101 0.000168667 0.000152861 0.000134685 0.000115315 9.58904e-05 7.74018e-05 6.06116e-05 4.60164e-05 3.38474e-05 2.41034e-05 1.66047e-05 1.10566e-05 7.10991e-06 4.41111e-06 2.63776e-06 1.51866e-06 8.40888e-07 4.47242e-07 2.28205e-07 1.1156e-07 5.21766e-08 2.33123e-08 9.93485e-09 4.03173e-09 1.55536e-09 5.69371e-10 1.9741e-10 6.46979e-11 2.0001e-11 5.81963e-12 1.58996e-12 4.0682e-13 9.72063e-14 2.16192e-14 4.4583e-15 8.48577e-16 1.48239e-16 2.36018e-17 3.39478e-18 4.36191e-19 4.93403e-20 4.8155e-21 0 0 
9.35395e-19 4.95872e-18 1.97184e-17 6.96073e-17 2.29645e-16 7.23646e-16 2.20134e-15 6.50126e-15 1.86989e-14 5.24704e-14 1.43795e-13 3.85092e-13 1.00817e-12 2.5807e-12 6.46004e-12 1.58145e-11 3.78631e-11 8.8659e-11 2.03038e-10 4.54754e-10 9.96119e-10 2.13388e-09 4.47034e-09 9.15808e-09 1.83461e-08 3.59365e-08 6.88266e-08 1.28878e-07 2.35926e-07 4.22196e-07 7.38515e-07 1.26263e-06 2.10973e-06 3.44484e-06 5.49616e-06 8.56745e-06 1.30466e-05 1.94064e-05 2.81929e-05 3.99968e-05 5.54039e-05 7.49242e-05 9.89015e-05 0.000127412 0.000160167 0.000196431 0.000234981 0.00027413 0.000311804 0.000345706 0.000373526 0.000393195 0.000403125 0.00040242 0.000391002 0.000369642 0.000339871 0.000303802 0.000263884 0.000222621 0.000182312 0.000144847 0.000111579 8.3281e-05 6.01849e-05 4.20801e-05 2.8442e-05 1.85678e-05 1.1697e-05 7.10358e-06 4.15445e-06 2.33724e-06 1.2634e-06 6.55369e-07 3.25818e-07 1.55029e-07 7.04968e-08 3.05905e-08 1.26466e-08 4.97282e-09 1.85657e-09 6.56901e-10 2.19848e-10 6.94523e-11 2.0665e-11 5.77741e-12 1.51372e-12 3.70593e-13 8.44939e-14 1.78695e-14 3.48899e-15 6.25286e-16 1.02127e-16 1.50658e-17 1.98467e-18 2.30058e-19 2.3014e-20 1.93363e-21 0 0 
2.35747e-18 1.2503e-17 4.97527e-17 1.75783e-16 5.805e-16 1.83106e-15 5.5754e-15 1.64798e-14 4.74316e-14 1.33163e-13 3.65039e-13 9.77657e-13 2.55903e-12 6.54776e-12 1.63792e-11 4.00592e-11 9.5794e-11 2.23979e-10 5.12049e-10 1.14457e-09 2.50148e-09 5.34515e-09 1.11665e-08 2.28063e-08 4.55353e-08 8.88748e-08 1.69559e-07 3.16188e-07 5.76268e-07 1.02642e-06 1.78655e-06 3.03846e-06 5.04899e-06 8.1964e-06 1.29977e-05 2.0132e-05 3.04533e-05 4.49839e-05 6.48781e-05 9.13482e-05 0.000125545 0.000168397 0.000220412 0.000281466 0.000350616 0.000425961 0.000504609 0.000582762 0.000655966 0.00071948 0.000768756 0.00079996 0.000810451 0.000799135 0.000766647 0.000715296 0.000648803 0.000571851 0.000489536 0.000406813 0.000327996 0.000256415 0.00019424 0.00014248 0.000101126 6.93936e-05 4.6e-05 2.94295e-05 1.81543e-05 1.0787e-05 6.16713e-06 3.38864e-06 1.78733e-06 9.03796e-07 4.37561e-07 2.02534e-07 8.94965e-08 3.76951e-08 1.51087e-08 5.75285e-09 2.07715e-09 7.09818e-10 2.29104e-10 6.96898e-11 1.99304e-11 5.34463e-12 1.3399e-12 3.12951e-13 6.78211e-14 1.35713e-14 2.49276e-15 4.17223e-16 6.30577e-17 8.50735e-18 1.0095e-18 1.03322e-19 8.88103e-21 6.1683e-22 0 0 
5.66475e-18 3.00574e-17 1.19692e-16 4.23273e-16 1.39921e-15 4.41807e-15 1.34658e-14 3.98369e-14 1.14739e-13 3.22297e-13 8.83774e-13 2.3671e-12 6.19476e-12 1.58435e-11 3.96047e-11 9.67695e-11 2.31122e-10 5.39586e-10 1.2314e-09 2.74692e-09 5.98962e-09 1.27657e-08 2.65929e-08 5.41435e-08 1.07737e-07 2.0951e-07 3.98137e-07 7.39305e-07 1.34137e-06 2.37779e-06 4.11778e-06 6.96594e-06 1.15102e-05 1.85751e-05 2.92735e-05 4.50474e-05 6.76806e-05 9.92666e-05 0.000142112 0.000198558 0.000270713 0.000360106 0.000467282 0.000591401 0.000729892 0.000878264 0.00103013 0.0011775 0.0013114 0.00142265 0.00150291 0.00154567 0.00154705 0.00150645 0.00142659 0.00131333 0.00117485 0.00102077 0.000860968 0.000704573 0.0005591 0.000429935 0.000320164 0.000230719 0.000160767 0.000108231 7.03346e-05 4.40794e-05 2.66147e-05 1.54656e-05 8.63945e-06 4.63413e-06 2.38381e-06 1.17443e-06 5.53402e-07 2.49045e-07 1.06876e-07 4.36663e-08 1.69568e-08 6.24738e-09 2.17961e-09 7.18622e-10 2.23411e-10 6.53338e-11 1.79237e-11 4.59873e-12 1.09959e-12 2.44003e-13 4.99992e-14 9.40403e-15 1.61149e-15 2.49292e-16 3.44128e-17 4.17636e-18 4.36951e-19 3.8372e-20 2.72202e-21 1.4699e-22 0 0 
1.29936e-17 6.89778e-17 2.74886e-16 9.73006e-16 3.21984e-15 1.01777e-14 3.10521e-14 9.19467e-14 2.65023e-13 7.44835e-13 2.04306e-12 5.47251e-12 1.43191e-11 3.66057e-11 9.14395e-11 2.23202e-10 5.32423e-10 1.24112e-09 2.82728e-09 6.29384e-09 1.36914e-08 2.91039e-08 6.04521e-08 1.2269e-07 2.43292e-07 4.71347e-07 8.92118e-07 1.64947e-06 2.97904e-06 5.25514e-06 9.05381e-06 1.52328e-05 2.50259e-05 4.01434e-05 6.2865e-05 9.61003e-05 0.000143387 0.000208789 0.000296661 0.000411253 0.000556144 0.000733546 0.000943533 0.00118331 0.00144669 0.00172382 0.00200154 0.00226406 0.00249436 0.00267585 0.00279432 0.00283967 0.00280732 0.00269896 0.00252239 0.00229065 0.00202041 0.00172998 0.00143726 0.0011579 0.000904045 0.000683596 0.000500258 0.000354033 0.000242102 0.000159839 0.000101788 6.24623e-05 3.68976e-05 2.09586e-05 1.14343e-05 5.98425e-06 3.0006e-06 1.43951e-06 6.59806e-07 2.88509e-07 1.20159e-07 4.75865e-08 1.78883e-08 6.37076e-09 2.14516e-09 6.81409e-10 2.0369e-10 5.71411e-11 1.49963e-11 3.66858e-12 8.32987e-13 1.7466e-13 3.36121e-14 5.89226e-15 9.32216e-16 1.31562e-16 1.63167e-17 1.74377e-18 1.56342e-19 1.13169e-20 6.23292e-22 2.3563e-23 0 0 
2.84828e-17 1.51281e-16 6.03346e-16 2.13775e-15 7.0819e-15 2.24102e-14 6.84458e-14 2.02861e-13 5.85162e-13 1.64549e-12 4.51499e-12 1.20947e-11 3.16404e-11 8.08498e-11 2.01813e-10 4.9213e-10 1.17242e-09 2.72874e-09 6.20468e-09 1.37831e-08 2.99115e-08 6.3413e-08 1.31327e-07 2.6567e-07 5.24961e-07 1.01317e-06 1.90978e-06 3.5156e-06 6.31973e-06 1.1093e-05 1.90112e-05 3.18086e-05 5.19531e-05 8.28256e-05 0.000128871 0.000195676 0.000289905 0.000419038 0.000590843 0.000812548 0.00108973 0.00142499 0.00181657 0.00225717 0.00273314 0.00322446 0.00370556 0.00414716 0.00451895 0.00479287 0.00494649 0.00496599 0.00484809 0.00460078 0.0042424 0.00379947 0.00330338 0.00278675 0.00227983 0.00180763 0.00138817 0.00103182 0.000741773 0.000515349 0.000345724 0.000223751 0.00013957 8.38255e-05 4.84227e-05 2.68733e-05 1.43111e-05 7.30393e-06 3.56778e-06 1.66567e-06 7.4214e-07 3.15074e-07 1.27247e-07 4.88008e-08 1.77387e-08 6.09878e-09 1.97885e-09 6.04433e-10 1.73313e-10 4.65021e-11 1.16322e-11 2.70088e-12 5.79105e-13 1.13948e-13 2.04199e-14 3.30166e-15 4.76041e-16 6.02942e-17 6.57774e-18 6.01738e-19 4.4421e-20 2.4938e-21 9.60421e-23 2.0322e-24 0 0 
5.97316e-17 3.1742e-16 1.26699e-15 4.49372e-15 1.49036e-14 4.7216e-14 1.44366e-13 4.28287e-13 1.23639e-12 3.47876e-12 9.54844e-12 2.55803e-11 6.6907e-11 1.70887e-10 4.26243e-10 1.03835e-09 2.47047e-09 5.74078e-09 1.30291e-08 2.88805e-08 6.2522e-08 1.32186e-07 2.72929e-07 5.50303e-07 1.08349e-06 2.083e-06 3.90998e-06 7.1655e-06 1.28196e-05 2.23884e-05 3.81641e-05 6.34937e-05 0.000103087 0.000163319 0.000252449 0.000380685 0.000559962 0.000803336 0.00112388 0.00153307 0.00203872 0.00264262 0.00333824 0.0041089 0.00492689 0.00575398 0.00654355 0.00724439 0.00780585 0.00818364 0.0083454 0.00827523 0.00797606 0.00746972 0.00679429 0.00599944 0.0051403 0.00427116 0.00343978 0.00268333 0.0020262 0.00147995 0.00104479 0.000712324 0.000468603 0.000297173 0.000181493 0.000106636 6.02079e-05 3.2629e-05 1.69518e-05 8.43184e-06 4.0098e-06 1.82047e-06 7.87829e-07 3.24452e-07 1.26933e-07 4.70841e-08 1.65254e-08 5.47549e-09 1.70838e-09 5.00489e-10 1.37227e-10 3.50814e-11 8.32495e-12 1.82418e-12 3.66771e-13 6.7148e-14 1.10888e-14 1.63242e-15 2.11028e-16 2.3488e-17 2.19128e-18 1.64896e-19 9.43208e-21 3.69917e-22 7.96495e-24 4.02751e-26 0 0 
1.19956e-16 6.37813e-16 2.54801e-15 9.04683e-15 3.00396e-14 9.5282e-14 2.9166e-13 8.66125e-13 2.50239e-12 7.04502e-12 1.93438e-11 5.18265e-11 1.3553e-10 3.45995e-10 8.62366e-10 2.09858e-09 4.98637e-09 1.15684e-08 2.62051e-08 5.79588e-08 1.2516e-07 2.63881e-07 5.43166e-07 1.09149e-06 2.14116e-06 4.10008e-06 7.66346e-06 1.39803e-05 2.48904e-05 4.32452e-05 7.33155e-05 0.000121273 0.000195704 0.000308074 0.000473024 0.000708322 0.00103429 0.00147252 0.00204374 0.00276483 0.00364523 0.00468294 0.00586102 0.00714506 0.00848261 0.00980502 0.0110322 0.0120798 0.0128685 0.0133332 0.0134321 0.0131525 0.012513 0.011562 0.0103711 0.00902681 0.00761967 0.00623428 0.0049411 0.00379109 0.00281387 0.00201891 0.00139912 0.000935721 0.000603382 0.000374777 0.000223996 0.000128683 7.09764e-05 3.75396e-05 1.90146e-05 9.21115e-06 4.26128e-06 1.87973e-06 7.89345e-07 3.14982e-07 1.19212e-07 4.27037e-08 1.4445e-08 4.60217e-09 1.37701e-09 3.85656e-10 1.00712e-10 2.44132e-11 5.46407e-12 1.12198e-12 2.09737e-13 3.53562e-14 5.31153e-15 7.00469e-16 7.95055e-17 7.56109e-18 5.79767e-19 3.37773e-20 1.34861e-21 2.95417e-23 1.51535e-25 1.57308e-28 0 0 
2.3091e-16 1.22847e-15 4.91197e-15 1.74595e-14 5.80444e-14 1.84339e-13 5.64925e-13 1.67936e-12 4.85606e-12 1.36797e-11 3.75745e-11 1.0068e-10 2.63236e-10 6.71693e-10 1.67286e-09 4.06661e-09 9.64945e-09 2.23497e-08 5.05288e-08 1.11506e-07 2.40181e-07 5.04949e-07 1.03612e-06 2.07492e-06 4.05513e-06 7.73381e-06 1.43926e-05 2.61342e-05 4.62991e-05 8.0019e-05 0.000134906 0.000221842 0.000355787 0.000556442 0.000848565 0.00126163 0.00182854 0.00258311 0.0035562 0.00477053 0.0062347 0.00793703 0.00984043 0.0118795 0.0139612 0.0159694 0.0177743 0.0192451 0.0202651 0.0207467 0.0206432 0.0199561 0.018736 0.0170764 0.0151019 0.012953 0.010769 0.00867346 0.0067631 0.005102 0.00372099 0.00262156 0.00178271 0.00116905 0.000738583 0.000449102 0.000262545 0.000147394 7.93687e-05 4.09411e-05 2.02033e-05 9.5238e-06 4.28211e-06 1.83336e-06 7.46125e-07 2.88079e-07 1.053e-07 3.63541e-08 1.18236e-08 3.6119e-09 1.03287e-09 2.75414e-10 6.81668e-11 1.55764e-11 3.26489e-12 6.22879e-13 1.07135e-13 1.64172e-14 2.20772e-15 2.55436e-16 2.4754e-17 1.93344e-18 1.14696e-19 4.66087e-21 1.03849e-22 5.40387e-25 5.84285e-28 0 0 0 
4.26424e-16 2.26998e-15 9.08484e-15 3.23291e-14 1.07615e-13 3.42206e-13 1.05e-12 3.12467e-12 9.04318e-12 2.54911e-11 7.00435e-11 1.87698e-10 4.90658e-10 1.25139e-09 3.11417e-09 7.56216e-09 1.79191e-08 4.14336e-08 9.34883e-08 2.05836e-07 4.42217e-07 9.27013e-07 1.89608e-06 3.78378e-06 7.36669e-06 1.39917e-05 2.59233e-05 4.68493e-05 8.25797e-05 0.000141959 0.000237978 0.000388998 0.000619945 0.000963173 0.00145865 0.00215298 0.0030968 0.00434022 0.00592613 0.00788178 0.0102094 0.0128772 0.0158128 0.0189005 0.0219848 0.0248804 0.0273886 0.0293185 0.0305105 0.030857 0.0303183 0.0289296 0.0267971 0.0240852 0.0209951 0.0177405 0.0145227 0.0115105 0.00882718 0.00654514 0.00468871 0.00324242 0.00216265 0.00138994 0.000859944 0.00051162 0.000292376 0.0001603 8.42121e-05 4.2333e-05 2.03341e-05 9.31843e-06 4.06741e-06 1.68801e-06 6.64766e-07 2.47899e-07 8.73302e-08 2.89861e-08 9.03748e-09 2.63786e-09 7.17935e-10 1.8136e-10 4.22918e-11 9.0451e-12 1.76041e-12 3.08821e-13 4.82525e-14 6.61432e-15 7.79846e-16 7.69867e-17 6.12347e-18 3.69792e-19 1.52912e-20 3.46494e-22 1.8291e-24 2.05668e-27 0 0 0 0 
7.56093e-16 4.02743e-15 1.6134e-14 5.74827e-14 1.91598e-13 6.10074e-13 1.87425e-12 5.58369e-12 1.61744e-11 4.56226e-11 1.25408e-10 3.36094e-10 8.7841e-10 2.23923e-09 5.56802e-09 1.35059e-08 3.19581e-08 7.37688e-08 1.6611e-07 3.64877e-07 7.8183e-07 1.6341e-06 3.33143e-06 6.62441e-06 1.28471e-05 2.42984e-05 4.48165e-05 8.06031e-05 0.000141347 0.000241659 0.000402776 0.00065437 0.00103619 0.00159903 0.00240453 0.00352293 0.00502828 0.00699061 0.00946515 0.0124792 0.0160185 0.0200149 0.0243387 0.0287983 0.0331487 0.03711 0.0403953 0.042743 0.0439503 0.0439013 0.0425852 0.040099 0.0366368 0.0324646 0.0278863 0.0232072 0.0187003 0.0145809 0.0109934 0.00800882 0.00563304 0.00382193 0.00249913 0.00157339 0.00095274 0.000554266 0.000309425 0.000165554 8.47795e-05 4.14939e-05 1.93799e-05 8.62334e-06 3.64901e-06 1.46554e-06 5.57454e-07 2.0034e-07 6.78434e-08 2.1583e-08 6.42796e-09 1.78506e-09 4.60071e-10 1.09448e-10 2.3876e-11 4.73888e-12 8.47583e-13 1.3499e-13 1.88562e-14 2.26486e-15 2.27711e-16 1.84401e-17 1.13339e-18 4.76831e-20 1.09871e-21 5.88414e-24 6.87068e-27 0 0 0 0 0 
1.28818e-15 6.86617e-15 2.75336e-14 9.822e-14 3.27829e-13 1.04529e-12 3.21548e-12 9.59034e-12 2.78062e-11 7.8485e-11 2.15827e-10 5.78478e-10 1.51161e-09 3.85142e-09 9.5691e-09 2.3185e-08 5.47821e-08 1.26232e-07 2.83658e-07 6.216e-07 1.32833e-06 2.76798e-06 5.62431e-06 1.1143e-05 2.15247e-05 4.05369e-05 7.44236e-05 0.000133195 0.00023235 0.00039504 0.000654549 0.00105682 0.00166254 0.00254803 0.00380408 0.00553158 0.00783331 0.0108013 0.0145003 0.0189486 0.0240991 0.0298243 0.0359088 0.0420534 0.0478929 0.053028 0.0570676 0.0596756 0.0606167 0.0597896 0.0572447 0.0531793 0.0479132 0.0418467 0.0354103 0.0290143 0.0230057 0.0176403 0.013071 0.00935199 0.0064554 0.00429512 0.00275196 0.00169619 0.00100461 0.000571086 0.000311201 0.000162345 8.09597e-05 3.85358e-05 1.74784e-05 7.54039e-06 3.08805e-06 1.19791e-06 4.39097e-07 1.51675e-07 4.92212e-08 1.49537e-08 4.23589e-09 1.11352e-09 2.70154e-10 6.00939e-11 1.21598e-11 2.21679e-12 3.59775e-13 5.11991e-14 6.26344e-15 6.41206e-16 5.28565e-17 3.30602e-18 1.41492e-19 3.31498e-21 1.80119e-23 2.18117e-26 0 0 0 0 0 0 
2.11038e-15 1.12563e-14 4.51852e-14 1.61397e-13 5.39461e-13 1.72255e-12 5.30593e-12 1.58438e-11 4.59813e-11 1.29876e-10 3.57293e-10 9.57755e-10 2.50219e-09 6.37208e-09 1.58187e-08 3.82833e-08 9.03242e-08 2.07758e-07 4.65874e-07 1.01843e-06 2.17034e-06 4.50871e-06 9.13028e-06 1.8022e-05 3.46723e-05 6.50128e-05 0.000118801 0.000211553 0.000367073 0.000620564 0.00102207 0.00163978 0.00256249 0.0038999 0.00577978 0.00834023 0.0117164 0.0160213 0.0213216 0.0276116 0.0347885 0.0426355 0.0508174 0.058893 0.0663476 0.0726417 0.0772729 0.0798397 0.0800973 0.0779954 0.0736889 0.0675199 0.0599727 0.0516115 0.0430098 0.0346859 0.0270532 0.0203918 0.0148433 0.0104252 0.00705876 0.00460314 0.00288814 0.00174159 0.00100817 0.000559548 0.000297358 0.000151091 7.32888e-05 3.38808e-05 1.49003e-05 6.22148e-06 2.46089e-06 9.19871e-07 3.24044e-07 1.07244e-07 3.32274e-08 9.59838e-09 2.57289e-09 6.36428e-10 1.44317e-10 2.97637e-11 5.52927e-12 9.14248e-13 1.32521e-13 1.65088e-14 1.72057e-15 1.44355e-16 9.18705e-18 3.99949e-19 9.52704e-21 5.25225e-23 6.58802e-26 0 0 0 0 0 0 0 
3.32676e-15 1.77567e-14 7.13571e-14 2.55224e-13 8.54331e-13 2.732e-12 8.42697e-12 2.51939e-11 7.31887e-11 2.06871e-10 5.69353e-10 1.52638e-09 3.98696e-09 1.01479e-08 2.5171e-08 6.08457e-08 1.43343e-07 3.29107e-07 7.36401e-07 1.60583e-06 3.41255e-06 7.06713e-06 1.42617e-05 2.80441e-05 5.3732e-05 0.000100304 0.000182416 0.000323175 0.000557706 0.000937407 0.00153449 0.00244606 0.00379658 0.00573704 0.00843917 0.0120829 0.0168362 0.0228273 0.0301114 0.0386371 0.0482166 0.0585093 0.0690238 0.0791448 0.0881844 0.0954536 0.100346 0.102419 0.101457 0.0975094 0.0908849 0.0821152 0.0718832 0.0609353 0.0499913 0.0396666 0.03042 0.0225305 0.0161031 0.0110967 0.0073658 0.00470485 0.00288871 0.00170291 0.000962651 0.000521142 0.000269792 0.000133356 6.28315e-05 2.81659e-05 1.19889e-05 4.83474e-06 1.84261e-06 6.61839e-07 2.2334e-07 7.05543e-08 2.07795e-08 5.67842e-09 1.43177e-09 3.30899e-10 6.95417e-11 1.31621e-11 2.21682e-12 3.27239e-13 4.15063e-14 4.40339e-15 3.75973e-16 2.43445e-17 1.07796e-18 2.61064e-20 1.46042e-22 1.89527e-25 0 0 0 0 0 0 0 0 
5.04931e-15 2.69709e-14 1.08508e-13 3.88647e-13 1.30294e-12 4.17296e-12 1.28901e-11 3.85853e-11 1.12204e-10 3.17385e-10 8.73891e-10 2.3431e-09 6.11904e-09 1.55664e-08 3.85779e-08 9.31428e-08 2.19094e-07 5.02095e-07 1.12101e-06 2.43835e-06 5.16696e-06 1.06662e-05 2.14489e-05 4.20143e-05 8.01611e-05 0.000148962 0.00026959 0.000475132 0.0008154 0.00136249 0.00221647 0.00351002 0.00541039 0.00811649 0.0118488 0.0168303 0.0232571 0.031261 0.0408663 0.051948 0.0641999 0.0771216 0.0900332 0.102121 0.112514 0.12038 0.125035 0.126038 0.123254 0.116886 0.107448 0.0956977 0.0825367 0.068895 0.0556228 0.043406 0.0327158 0.0237976 0.0166918 0.0112788 0.00733472 0.00458559 0.00275295 0.00158509 0.000874149 0.000461067 0.000232227 0.000111506 5.09462e-05 2.21042e-05 9.0868e-06 3.53048e-06 1.29278e-06 4.44743e-07 1.43226e-07 4.29991e-08 1.19768e-08 3.07767e-09 7.24803e-10 1.55194e-10 2.99215e-11 5.13257e-12 7.71486e-13 9.96195e-14 1.0757e-14 9.34624e-16 6.15682e-17 2.7728e-18 6.82726e-20 3.87577e-22 5.19846e-25 0 0 0 0 0 0 0 0 0 
7.3833e-15 3.94684e-14 1.58975e-13 5.70236e-13 1.91475e-12 6.14216e-12 1.90009e-11 5.69509e-11 1.65784e-10 4.69297e-10 1.29275e-09 3.4666e-09 9.05122e-09 2.30132e-08 5.69831e-08 1.37413e-07 3.22726e-07 7.38183e-07 1.64443e-06 3.56766e-06 7.53796e-06 1.55101e-05 3.10773e-05 6.06351e-05 0.000115194 0.000213074 0.000383707 0.000672668 0.00114789 0.00190657 0.00308191 0.00484793 0.00742016 0.0110494 0.0160058 0.0225513 0.0309001 0.0411696 0.0533276 0.0671444 0.0821617 0.0976887 0.112834 0.126576 0.13787 0.14577 0.14956 0.148855 0.143663 0.134394 0.121808 0.106907 0.0908113 0.0746123 0.0592561 0.0454564 0.0336557 0.0240301 0.0165307 0.0109454 0.0069682 0.00426045 0.00249861 0.00140369 0.000754307 0.00038712 0.000189419 8.82012e-05 3.90037e-05 1.63431e-05 6.47241e-06 2.41585e-06 8.47153e-07 2.78075e-07 8.50864e-08 2.41524e-08 6.32431e-09 1.51748e-09 3.30998e-10 6.49991e-11 1.13542e-11 1.73766e-12 2.28409e-13 2.51017e-14 2.21925e-15 1.48726e-16 6.81239e-18 1.70537e-19 9.82548e-22 1.3607e-24 0 0 0 0 0 0 0 0 0 0 
1.04068e-14 5.56756e-14 2.24533e-13 8.06606e-13 2.7129e-12 8.71679e-12 2.70068e-11 8.10543e-11 2.36202e-10 6.69158e-10 1.84415e-09 4.94587e-09 1.29109e-08 3.28087e-08 8.11649e-08 1.95484e-07 4.58381e-07 1.04644e-06 2.32582e-06 5.03268e-06 1.06017e-05 2.17416e-05 4.34036e-05 8.43448e-05 0.000159538 0.000293708 0.000526238 0.000917548 0.00155675 0.00256987 0.0041273 0.00644813 0.00979868 0.0144816 0.0208124 0.0290822 0.0395066 0.0521654 0.0669413 0.0834694 0.101111 0.118965 0.135923 0.150769 0.162315 0.169553 0.171794 0.168778 0.160713 0.148261 0.132444 0.114508 0.0957597 0.0774097 0.0604462 0.0455586 0.0331161 0.0231945 0.0156379 0.0101383 0.00631317 0.00377126 0.00215826 0.0011816 0.000617878 0.000308074 0.000146189 6.58841e-05 2.81361e-05 1.13568e-05 4.32042e-06 1.54409e-06 5.16543e-07 1.61068e-07 4.65883e-08 1.24293e-08 3.03823e-09 6.75032e-10 1.35002e-10 2.40132e-11 3.7415e-12 5.00612e-13 5.59913e-14 5.03694e-15 3.43403e-16 1.59983e-17 4.07189e-19 2.38124e-21 3.40176e-24 0 0 0 0 0 0 0 0 0 0 0 
1.41464e-14 7.57463e-14 3.05867e-13 1.10052e-12 3.70777e-12 1.19337e-11 3.70319e-11 1.11295e-10 3.24685e-10 9.20568e-10 2.53823e-09 6.80828e-09 1.77689e-08 4.51283e-08 1.1154e-07 2.68302e-07 6.28107e-07 1.43108e-06 3.1733e-06 6.84807e-06 1.43822e-05 2.93944e-05 5.84615e-05 0.000113141 0.000213053 0.000390343 0.00069577 0.00120645 0.00203489 0.00333825 0.00532601 0.0082631 0.012465 0.0182809 0.0260617 0.0361117 0.0486263 0.0636213 0.0808667 0.0998377 0.119699 0.139337 0.157443 0.172641 0.183659 0.189492 0.189554 0.183768 0.172592 0.156959 0.138146 0.117607 0.0967835 0.0769385 0.0590384 0.0436938 0.031161 0.0213939 0.0141253 0.00895866 0.00545115 0.003178 0.00177259 0.000944419 0.000479817 0.000232017 0.00010656 4.63766e-05 1.90775e-05 7.3963e-06 2.69385e-06 9.18336e-07 2.91788e-07 8.59923e-08 2.33728e-08 5.81984e-09 1.31699e-09 2.68228e-10 4.85795e-11 7.70578e-12 1.04947e-12 1.19456e-13 1.09346e-14 7.58405e-16 3.59369e-17 9.3001e-19 5.52101e-21 8.12888e-24 0 0 0 0 0 0 0 0 0 0 0 0 
1.85542e-14 9.94354e-14 4.02062e-13 1.44901e-12 4.89052e-12 1.57681e-11 4.90107e-11 1.47504e-10 4.3081e-10 1.22247e-09 3.37231e-09 9.04683e-09 2.36063e-08 5.99193e-08 1.4796e-07 3.55445e-07 8.30736e-07 1.88893e-06 4.17858e-06 8.99278e-06 1.88279e-05 3.83473e-05 7.59761e-05 0.000146422 0.00027447 0.000500401 0.000887243 0.00152979 0.0025648 0.00418081 0.00662542 0.0102062 0.0152814 0.022236 0.0314405 0.0431917 0.0576401 0.0747124 0.0940439 0.114936 0.136359 0.157006 0.175408 0.190093 0.199773 0.203528 0.20094 0.192173 0.177952 0.159473 0.138231 0.115823 0.093749 0.0732486 0.0552007 0.0400887 0.0280294 0.0188482 0.0121758 0.00754674 0.00448206 0.00254695 0.0013826 0.000715739 0.00035267 0.000165056 7.32038e-05 3.06872e-05 1.2124e-05 4.49975e-06 1.56307e-06 5.0603e-07 1.51937e-07 4.20695e-08 1.06702e-08 2.45919e-09 5.10038e-10 9.40543e-11 1.51881e-11 2.10549e-12 2.43904e-13 2.27176e-14 1.60303e-15 7.72629e-17 2.03316e-18 1.22541e-20 1.85803e-23 0 0 0 0 0 0 0 0 0 0 0 0 0 
2.34904e-14 1.26005e-13 5.10206e-13 1.84189e-12 6.22798e-12 2.01171e-11 6.26335e-11 1.88779e-10 5.52008e-10 1.56772e-09 4.3269e-09 1.16094e-08 3.02864e-08 7.68304e-08 1.89538e-07 4.54726e-07 1.06097e-06 2.40746e-06 5.3127e-06 1.14015e-05 2.37953e-05 4.82933e-05 9.53079e-05 0.000182893 0.000341245 0.000619022 0.00109166 0.00187142 0.00311833 0.00505011 0.00794805 0.012155 0.0180607 0.0260702 0.0365534 0.0497764 0.0658211 0.0845049 0.105317 0.127388 0.149515 0.170242 0.188002 0.201304 0.20893 0.210115 0.204671 0.193023 0.176161 0.155499 0.13268 0.109362 0.0870149 0.06678 0.0493911 0.0351713 0.024089 0.0158506 0.0100079 0.00605512 0.00350555 0.00193888 0.00102271 0.000513483 0.000244885 0.000110674 4.72773e-05 1.90335e-05 7.19818e-06 2.54773e-06 8.40359e-07 2.57058e-07 7.25055e-08 1.87312e-08 4.39668e-09 9.28582e-10 1.7435e-10 2.86625e-11 4.0445e-12 4.76837e-13 4.51947e-14 3.24464e-15 1.5908e-16 4.25703e-18 2.60529e-20 4.06491e-23 0 0 0 0 0 0 0 0 0 0 0 0 0 0 
2.87177e-14 1.54193e-13 6.25251e-13 2.26122e-12 7.66051e-12 2.47912e-11 7.73206e-11 2.33397e-10 6.83303e-10 1.9423e-09 5.36354e-09 1.4393e-08 3.75399e-08 9.51744e-08 2.34563e-07 5.61985e-07 1.30896e-06 2.96391e-06 6.52438e-06 1.39618e-05 2.90443e-05 5.8733e-05 0.000115448 0.000220573 0.000409595 0.000739202 0.00129642 0.00220938 0.00365843 0.00588545 0.00919771 0.013962 0.0205842 0.0294701 0.040967 0.0552877 0.0724266 0.0920808 0.113596 0.135955 0.157823 0.177657 0.193874 0.205045 0.210103 0.208501 0.200308 0.186209 0.167417 0.145492 0.122139 0.0989763 0.0773642 0.0582786 0.04227 0.0294893 0.019766 0.0127135 0.00783647 0.00462225 0.00260478 0.00139995 0.000716217 0.000348056 0.00016029 6.97726e-05 2.8623e-05 1.10299e-05 3.9777e-06 1.33674e-06 4.16566e-07 1.1969e-07 3.14948e-08 7.52903e-09 1.61929e-09 3.09572e-10 5.18123e-11 7.44225e-12 8.93037e-13 8.61362e-14 6.29213e-15 3.13835e-16 8.54133e-18 5.30857e-20 8.51696e-23 0 0 0 0 0 0 0 0 0 0 0 0 0 0 0 
3.39128e-14 1.8227e-13 7.40229e-13 2.68199e-12 9.10409e-12 2.95207e-11 9.22376e-11 2.78858e-10 8.17415e-10 2.32562e-09 6.42549e-09 1.72455e-08 4.49697e-08 1.13941e-07 2.80535e-07 6.71198e-07 1.56056e-06 3.526e-06 7.74194e-06 1.65188e-05 3.42495e-05 6.90026e-05 0.00013508 0.000256928 0.000474786 0.000852361 0.00148647 0.00251801 0.00414277 0.00661935 0.0102703 0.0154722 0.0226289 0.0321267 0.0442691 0.0591972 0.076807 0.0966773 0.118029 0.139736 0.160391 0.178442 0.19237 0.200892 0.203154 0.198862 0.188343 0.172508 0.152717 0.130593 0.107798 0.0858274 0.0658578 0.0486577 0.0345795 0.0236116 0.0154719 0.00971606 0.00583896 0.00335261 0.001836 0.000957118 0.000473957 0.000222418 9.86548e-05 4.12394e-05 1.61926e-05 5.94986e-06 2.03717e-06 6.46748e-07 1.89297e-07 5.07367e-08 1.23531e-08 2.7056e-09 5.2669e-10 8.97484e-11 1.31234e-11 1.60288e-12 1.57344e-13 1.16959e-14 5.9352e-16 1.64302e-17 1.03721e-19 1.70997e-22 0 0 0 0 0 0 0 0 0 0 0 0 0 0 0 0 
3.86951e-14 2.08192e-13 8.46847e-13 3.07422e-12 1.04571e-11 3.3977e-11 1.0636e-10 3.22069e-10 9.45295e-10 2.69195e-09 7.44177e-09 1.99764e-08 5.2079e-08 1.31872e-07 3.24349e-07 7.74926e-07 1.79847e-06 4.05454e-06 8.87924e-06 1.88885e-05 3.90299e-05 7.83356e-05 0.000152709 0.000289128 0.000531631 0.000949286 0.00164595 0.00277099 0.00452908 0.00718624 0.0110679 0.0165443 0.0239995 0.0337808 0.0461307 0.061108 0.0785095 0.0978107 0.118142 0.13832 0.156936 0.172506 0.183653 0.189304 0.188855 0.182272 0.17011 0.153435 0.133674 0.112411 0.0911778 0.0712738 0.053646 0.0388397 0.0270187 0.0180376 0.0115409 0.00706667 0.00413436 0.00230704 0.00122551 0.000618398 0.000295718 0.000133661 5.69333e-05 2.27786e-05 8.52815e-06 2.975e-06 9.62234e-07 2.86906e-07 7.83306e-08 1.94247e-08 4.33283e-09 8.58901e-10 1.49021e-10 2.21843e-11 2.75824e-12 2.75585e-13 2.08476e-14 1.07648e-15 3.03145e-17 1.9441e-19 3.29137e-22 0 0 0 0 0 0 0 0 0 0 0 0 0 0 0 0 0 
4.26703e-14 2.29833e-13 9.36433e-13 3.40629e-12 1.16116e-11 3.78079e-11 1.18581e-10 3.59673e-10 1.05707e-09 3.01314e-09 8.33443e-09 2.23765e-08 5.83224e-08 1.47587e-07 3.6262e-07 8.65102e-07 2.00401e-06 4.50768e-06 9.84522e-06 2.0879e-05 4.29926e-05 8.59537e-05 0.000166841 0.000314401 0.000575153 0.00102135 0.00176042 0.00294497 0.00478107 0.00753195 0.0115128 0.0170724 0.0245583 0.0342637 0.0463594 0.0608197 0.0773534 0.0953594 0.113922 0.13186 0.147834 0.160496 0.168674 0.171542 0.168755 0.160512 0.147538 0.130976 0.112227 0.0927468 0.0738674 0.056646 0.0417848 0.0296159 0.020145 0.0131331 0.00819394 0.00488484 0.00277763 0.00150357 0.000773149 0.000376761 0.000173533 7.53231e-05 3.07086e-05 1.1715e-05 4.16395e-06 1.37216e-06 4.16808e-07 1.15922e-07 2.92813e-08 6.6522e-09 1.34293e-09 2.37261e-10 3.59625e-11 4.55207e-12 4.62975e-13 3.56474e-14 1.87319e-15 5.36694e-17 3.49714e-19 6.07637e-22 0 0 0 0 0 0 0 0 0 0 0 0 0 0 0 0 0 0 
4.54834e-14 2.4527e-13 1.00107e-12 3.64907e-12 1.24672e-11 4.06828e-11 1.27853e-10 3.88465e-10 1.14325e-09 3.26204e-09 9.02822e-09 2.42435e-08 6.31735e-08 1.59757e-07 3.92102e-07 9.34038e-07 2.15957e-06 4.84628e-06 1.05557e-05 2.2315e-05 4.57855e-05 9.11722e-05 0.000176191 0.00033042 0.000601294 0.00106173 0.00181893 0.0030231 0.00487403 0.00762213 0.0115604 0.0170029 0.0242481 0.0335254 0.0449315 0.0583631 0.0734615 0.0895844 0.105819 0.121045 0.134052 0.143683 0.149004 0.149447 0.144904 0.135758 0.12283 0.107256 0.0903257 0.0733053 0.0572812 0.0430543 0.0310942 0.0215518 0.014317 0.00910246 0.00552976 0.00320427 0.0017676 0.000926269 0.000459995 0.000215914 9.55065e-05 3.96788e-05 1.54248e-05 5.58651e-06 1.87574e-06 5.8051e-07 1.6448e-07 4.23227e-08 9.79372e-09 2.0137e-09 3.62313e-10 5.59215e-11 7.2072e-12 7.46267e-13 5.84915e-14 3.12835e-15 9.12068e-17 6.03968e-19 1.07639e-21 0 0 0 0 0 0 0 0 0 0 0 0 0 0 0 0 0 0 0 
4.68701e-14 2.53056e-13 1.03474e-12 3.78011e-12 1.29451e-11 4.23389e-11 1.33335e-10 4.05841e-10 1.19609e-09 3.41629e-09 9.46087e-09 2.54099e-08 6.61968e-08 1.6729e-07 4.10135e-07 9.75497e-07 2.251e-06 5.03937e-06 1.09454e-05 2.30637e-05 4.71477e-05 9.35e-05 0.000179872 0.000335653 0.00060753 0.00106651 0.00181572 0.00299765 0.00479868 0.00744778 0.0112059 0.0163431 0.0231011 0.031643 0.0419959 0.0539942 0.0672389 0.0810846 0.0946681 0.106981 0.116983 0.123741 0.126567 0.12513 0.119519 0.110232 0.0981109 0.0842107 0.0696506 0.0554647 0.0424841 0.0312674 0.0220849 0.0149511 0.00968703 0.00599734 0.00354169 0.00199113 0.00106339 0.000538208 0.000257465 0.000116066 4.91422e-05 1.94682e-05 7.18522e-06 2.45834e-06 7.75217e-07 2.2379e-07 5.86655e-08 1.38294e-08 2.89641e-09 5.30787e-10 8.34342e-11 1.09501e-11 1.15449e-12 9.2126e-14 5.01582e-15 1.48831e-16 1.00176e-18 1.83023e-21 0 0 0 0 0 0 0 0 0 0 0 0 0 0 0 0 0 0 0 0 
4.66972e-14 2.52446e-13 1.03423e-12 3.78696e-12 1.30003e-11 4.26205e-11 1.34512e-10 4.10179e-10 1.21065e-09 3.46153e-09 9.5922e-09 2.57676e-08 6.71116e-08 1.69484e-07 4.15042e-07 9.85609e-07 2.26973e-06 5.06883e-06 1.09774e-05 2.3054e-05 4.69498e-05 9.2715e-05 0.000177531 0.000329597 0.000593266 0.00103525 0.00175118 0.00287126 0.00456276 0.00702671 0.0104857 0.0151604 0.021234 0.0288074 0.037849 0.0481516 0.0593047 0.0706965 0.0815517 0.0910076 0.09822 0.102482 0.103336 0.100651 0.0946499 0.0858831 0.0751438 0.0633509 0.0514189 0.0401415 0.0301099 0.0216751 0.014955 0.00987541 0.00623132 0.00375055 0.00214909 0.00116982 0.000603468 0.000294237 0.000135193 5.83401e-05 2.35553e-05 8.86008e-06 3.08926e-06 9.9272e-07 2.92017e-07 7.79983e-08 1.8733e-08 3.99697e-09 7.46142e-10 1.19464e-10 1.59686e-11 1.71454e-12 1.39318e-13 7.7229e-15 2.33266e-16 1.59624e-18 2.98813e-21 0 0 0 0 0 0 0 0 0 0 0 0 0 0 0 0 0 0 0 0 0 
4.49834e-14 2.4351e-13 9.99632e-13 3.66915e-12 1.26281e-11 4.15028e-11 1.31279e-10 4.01086e-10 1.18561e-09 3.39366e-09 9.41023e-09 2.52838e-08 6.58344e-08 1.6614e-07 4.06376e-07 9.63459e-07 2.21411e-06 4.93207e-06 1.06493e-05 2.22881e-05 4.52134e-05 8.88982e-05 0.000169406 0.000312861 0.000559931 0.000971059 0.00163174 0.0026565 0.00418969 0.00640061 0.00947061 0.0135706 0.0188287 0.0252921 0.0328864 0.0413846 0.0503923 0.0593602 0.0676273 0.0744936 0.0793129 0.0815893 0.0810591 0.0777386 0.0719276 0.0641654 0.0551492 0.0456305 0.0363119 0.0277634 0.0203715 0.0143265 0.00964288 0.00620199 0.00380496 0.00222238 0.0012331 0.000648411 0.000322263 0.000150932 6.639e-05 2.73226e-05 1.0475e-05 3.72252e-06 1.21915e-06 3.65475e-07 9.94784e-08 2.43453e-08 5.29262e-09 1.00661e-09 1.64187e-10 2.2356e-11 2.44491e-12 2.02334e-13 1.14218e-14 3.51245e-16 2.44413e-18 4.68571e-21 0 0 0 0 0 0 0 0 0 0 0 0 0 0 0 0 0 0 0 0 0 0 
4.18961e-14 2.2712e-13 9.34336e-13 3.43819e-12 1.18649e-11 3.90953e-11 1.23953e-10 3.79457e-10 1.12345e-09 3.21937e-09 8.93295e-09 2.40063e-08 6.24915e-08 1.57587e-07 3.84991e-07 9.11227e-07 2.08958e-06 4.64251e-06 9.99323e-06 2.08407e-05 4.21076e-05 8.24207e-05 0.000156285 0.000287067 0.000510743 0.000880126 0.00146884 0.00237385 0.00371481 0.00562831 0.00825517 0.0117199 0.0161033 0.0214105 0.0275415 0.03427 0.0412398 0.0479832 0.0539653 0.0586486 0.0615694 0.0624107 0.0610575 0.0576196 0.0524189 0.0459397 0.0387549 0.0314421 0.0245078 0.018332 0.0131425 0.00901757 0.00591236 0.0036977 0.00220169 0.00124537 0.000667594 0.000338251 0.000161501 7.24194e-05 3.03827e-05 1.18741e-05 4.30138e-06 1.43593e-06 4.38752e-07 1.21717e-07 3.03579e-08 6.72559e-09 1.30344e-09 2.16627e-10 3.00519e-11 3.3482e-12 2.82258e-13 1.62291e-14 5.08235e-16 3.59704e-18 7.05899e-21 0 0 0 0 0 0 0 0 0 0 0 0 0 0 0 0 0 0 0 0 0 0 0 
3.77246e-14 2.04815e-13 8.44467e-13 3.11579e-12 1.07824e-11 3.56247e-11 1.13224e-10 3.47331e-10 1.03002e-09 2.9551e-09 8.2054e-09 2.20558e-08 5.73983e-08 1.44633e-07 3.52903e-07 8.33831e-07 1.90786e-06 4.22734e-06 9.0706e-06 1.88473e-05 3.79222e-05 7.38846e-05 0.000139383 0.000254589 0.000450206 0.000770715 0.00127717 0.00204852 0.00317996 0.00477686 0.00694309 0.00976324 0.0132801 0.0174706 0.0222247 0.0273334 0.0324929 0.0373256 0.0414213 0.0443906 0.0459245 0.0458447 0.0441372 0.0409577 0.0366092 0.0314944 0.0260547 0.0207071 0.0157923 0.011543 0.00807484 0.00539768 0.00344177 0.00208937 0.00120495 0.000658571 0.000340212 0.000165617 7.57191e-05 3.23884e-05 1.29053e-05 4.76612e-06 1.62206e-06 5.05253e-07 1.42881e-07 3.63249e-08 8.2025e-09 1.62018e-09 2.74414e-10 3.87934e-11 4.40408e-12 3.78277e-13 2.21581e-14 7.06797e-16 5.08916e-18 1.02187e-20 0 0 0 0 0 0 0 0 0 0 0 0 0 0 0 0 0 0 0 0 0 0 0 0 
3.28366e-14 1.78562e-13 7.37968e-13 2.7305e-12 9.47692e-12 3.13999e-11 1.0005e-10 3.07579e-10 9.13683e-10 2.62454e-09 7.29282e-09 1.96071e-08 5.10114e-08 1.28438e-07 3.12982e-07 7.38183e-07 1.68514e-06 3.72342e-06 7.96306e-06 1.64833e-05 3.30235e-05 6.40326e-05 0.000120159 0.000218205 0.000383441 0.000651961 0.0010725 0.00170682 0.00262749 0.00391213 0.00563309 0.007843 0.0105573 0.0137369 0.0172745 0.0209898 0.0246376 0.0279289 0.0305659 0.0322843 0.0328953 0.0323188 0.0305992 0.027901 0.0244827 0.0206569 0.0167422 0.0130206 0.00970464 0.00692244 0.0047184 0.00306784 0.00189903 0.00111676 0.0006224 0.000327867 0.000162756 7.5879e-05 3.30968e-05 1.34474e-05 5.06407e-06 1.75732e-06 5.5812e-07 1.60919e-07 4.1709e-08 9.60152e-09 1.93329e-09 3.33777e-10 4.80941e-11 5.5647e-12 4.87096e-13 2.90743e-14 9.4486e-16 6.92306e-18 1.42174e-20 0 0 0 0 0 0 0 0 0 0 0 0 0 0 0 0 0 0 0 0 0 0 0 0 0 
2.76251e-14 1.50477e-13 6.23457e-13 2.31365e-12 8.05494e-12 2.67674e-11 8.55163e-11 2.63487e-10 7.84092e-10 2.25515e-09 6.2711e-09 1.6864e-08 4.38619e-08 1.10347e-07 2.68537e-07 6.32182e-07 1.43973e-06 3.17199e-06 6.76064e-06 1.39394e-05 2.7803e-05 5.3643e-05 0.000100112 0.000180711 0.000315486 0.000532646 0.000869603 0.00137273 0.002095 0.00309076 0.0044073 0.00607358 0.00808747 0.0104039 0.0129275 0.0155119 0.0179696 0.0200912 0.0216729 0.0225477 0.0226131 0.0218505 0.0203299 0.0182002 0.0156648 0.0129501 0.0102721 0.00780832 0.00568031 0.00394854 0.0026182 0.00165285 0.000991282 0.000563444 0.00030271 0.000153257 7.28717e-05 3.24173e-05 1.34332e-05 5.15922e-06 1.82586e-06 5.91375e-07 1.73878e-07 4.59568e-08 1.07875e-08 2.2147e-09 3.89837e-10 5.72667e-11 6.7547e-12 6.02699e-13 3.6667e-14 1.21433e-15 9.05646e-18 1.90141e-20 0 0 0 0 0 0 0 0 0 0 0 0 0 0 0 0 0 0 0 0 0 0 0 0 0 0 
2.24582e-14 1.22553e-13 5.09109e-13 1.89522e-12 6.61962e-12 2.2066e-11 7.06917e-11 2.1832e-10 6.50881e-10 1.87449e-09 5.21663e-09 1.40317e-08 3.64842e-08 9.17085e-08 2.22871e-07 5.23665e-07 1.18966e-06 2.61318e-06 5.54996e-06 1.13967e-05 2.26268e-05 4.34317e-05 8.05951e-05 0.000144578 0.000250701 0.00042018 0.000680615 0.00106539 0.00161143 0.00235479 0.00332411 0.00453227 0.0059676 0.00758659 0.00931032 0.0110268 0.0126003 0.0138873 0.0147571 0.0151127 0.014908 0.0141574 0.012934 0.0113587 0.00958013 0.00775201 0.00601091 0.00446032 0.00316251 0.00213893 0.00137731 0.000842561 0.000488505 0.000267712 0.000138258 6.70594e-05 3.04307e-05 1.28631e-05 5.03943e-06 1.81922e-06 6.01022e-07 1.80247e-07 4.85905e-08 1.16327e-08 2.43564e-09 4.37216e-10 6.54943e-11 7.87714e-12 7.16629e-13 4.44488e-14 1.50051e-15 1.13939e-17 2.44467e-20 0 0 0 0 0 0 0 0 0 0 0 0 0 0 0 0 0 0 0 0 0 0 0 0 0 0 0 
1.76386e-14 9.64368e-14 4.01747e-13 1.5005e-12 5.25889e-12 1.75872e-11 5.65068e-11 1.74939e-10 5.22549e-10 1.50697e-09 4.19724e-09 1.12926e-08 2.93528e-08 7.37179e-08 1.78892e-07 4.19492e-07 9.50568e-07 2.0815e-06 4.40456e-06 9.00646e-06 1.77959e-05 3.39768e-05 6.26787e-05 0.000111713 0.000192355 0.000319951 0.000514046 0.000797652 0.00119528 0.00172946 0.0024159 0.00325767 0.00423952 0.00532381 0.00644952 0.0075356 0.00848917 0.00921759 0.0096427 0.00971408 0.00941858 0.00878351 0.00787264 0.00677584 0.00559444 0.00442589 0.00335059 0.00242364 0.00167229 0.00109856 0.000685609 0.000405542 0.000226744 0.000119472 5.91225e-05 2.73732e-05 1.18055e-05 4.71887e-06 1.73803e-06 5.85828e-07 1.79243e-07 4.92956e-08 1.20393e-08 2.57146e-09 4.70854e-10 7.19441e-11 8.82544e-12 8.18859e-13 5.17947e-14 1.7828e-15 1.37871e-17 3.02198e-20 0 0 0 0 0 0 0 0 0 0 0 0 0 0 0 0 0 0 0 0 0 0 0 0 0 0 0 0 
1.33797e-14 7.33013e-14 3.06281e-13 1.14794e-12 4.03779e-12 1.35496e-11 4.36669e-11 1.35533e-10 4.05654e-10 1.17153e-09 3.26573e-09 8.78866e-09 2.28369e-08 5.7301e-08 1.38845e-07 3.24908e-07 7.34289e-07 1.60271e-06 3.3785e-06 6.87808e-06 1.3523e-05 2.56758e-05 4.70756e-05 8.33416e-05 0.000142458 0.000235092 0.000374515 0.000575883 0.000854638 0.00122393 0.00169117 0.0022543 0.0028983 0.0035933 0.00429494 0.00494781 0.00549187 0.00587103 0.00604228 0.00598346 0.00569773 0.00521357 0.00458025 0.00385957 0.00311599 0.00240714 0.00177672 0.0012509 0.000838482 0.000533967 0.000322291 0.000183879 9.88688e-05 4.99289e-05 2.35906e-05 1.03828e-05 4.23533e-06 1.59193e-06 5.4758e-07 1.70972e-07 4.79822e-08 1.19578e-08 2.60609e-09 4.86896e-10 7.5904e-11 9.49954e-12 8.99177e-13 5.80172e-14 2.03676e-15 1.60465e-17 3.59184e-20 0 0 0 0 0 0 0 0 0 0 0 0 0 0 0 0 0 0 0 0 0 0 0 0 0 0 0 0 0 
9.79902e-15 5.38013e-14 2.25518e-13 8.4838e-13 2.99547e-12 1.00881e-11 3.26148e-11 1.015e-10 3.04428e-10 8.80502e-10 2.45663e-09 6.61301e-09 1.71777e-08 4.30604e-08 1.04176e-07 2.43255e-07 5.48235e-07 1.19259e-06 2.50402e-06 5.07454e-06 9.92559e-06 1.87369e-05 3.41348e-05 6.00105e-05 0.000101801 0.000166623 0.000263105 0.000400764 0.000588789 0.000834222 0.00113969 0.00150108 0.00190564 0.00233135 0.00274782 0.00311926 0.00340915 0.00358584 0.00362803 0.00352886 0.0032975 0.00295783 0.00254444 0.00209686 0.00165334 0.00124549 0.000894943 0.000612234 0.000397917 0.000245126 0.000142741 7.83367e-05 4.03793e-05 1.9474e-05 8.74882e-06 3.6429e-06 1.39768e-06 4.90745e-07 1.56404e-07 4.48036e-08 1.13967e-08 2.53512e-09 4.83404e-10 7.69103e-11 9.82306e-12 9.48832e-13 6.24694e-14 2.23745e-15 1.79637e-17 4.10496e-20 0 0 0 0 0 0 0 0 0 0 0 0 0 0 0 0 0 0 0 0 0 0 0 0 0 0 0 0 0 0 
6.92648e-15 3.81183e-14 1.60322e-13 6.05492e-13 2.14648e-12 7.25622e-12 2.35379e-11 7.34563e-11 2.208e-10 6.39618e-10 1.7862e-09 4.80962e-09 1.24888e-08 3.12755e-08 7.55426e-08 1.75997e-07 3.95513e-07 8.57363e-07 1.79273e-06 3.61583e-06 7.03442e-06 1.31995e-05 2.38875e-05 4.16906e-05 7.01657e-05 0.000113865 0.000178153 0.000268706 0.000390653 0.000547356 0.000738999 0.000961246 0.00120435 0.00145309 0.00168784 0.00188683 0.00202919 0.00209849 0.00208568 0.00199096 0.00182399 0.00160227 0.00134819 0.00108526 0.000834601 0.000612186 0.000427514 0.000283644 0.000178373 0.000106038 5.94105e-05 3.1265e-05 1.53947e-05 7.06141e-06 3.00209e-06 1.17605e-06 4.21611e-07 1.37196e-07 4.0127e-08 1.04214e-08 2.36676e-09 4.60745e-10 7.48365e-11 9.75741e-12 9.62086e-13 6.46544e-14 2.36333e-15 1.93428e-17 4.51095e-20 0 0 0 0 0 0 0 0 0 0 0 0 0 0 0 0 0 0 0 0 0 0 0 0 0 0 0 0 0 0 0 
4.72349e-15 2.60595e-14 1.10001e-13 4.17178e-13 1.48519e-12 5.04075e-12 1.64088e-11 5.13579e-11 1.54728e-10 4.48951e-10 1.25495e-09 3.38012e-09 8.77368e-09 2.19491e-08 5.29259e-08 1.23017e-07 2.75623e-07 5.95295e-07 1.2394e-06 2.48743e-06 4.81208e-06 8.97303e-06 1.61266e-05 2.7933e-05 4.66253e-05 7.49922e-05 0.000116213 0.000173494 0.000249487 0.000345525 0.000460792 0.00059162 0.000731132 0.000869465 0.000994675 0.00109428 0.0011572 0.00117571 0.00114695 0.00107355 0.00096332 0.00082784 0.00068052 0.000534393 0.00040024 0.000285387 0.000193333 0.000124143 7.53575e-05 4.3114e-05 2.31698e-05 1.16509e-05 5.45784e-06 2.36976e-06 9.48125e-07 3.4715e-07 1.15375e-07 3.44642e-08 9.14137e-09 2.12024e-09 4.21527e-10 6.9919e-11 9.30932e-12 9.37298e-13 6.43152e-14 2.40011e-15 2.00321e-17 4.76628e-20 0 0 0 0 0 0 0 0 0 0 0 0 0 0 0 0 0 0 0 0 0 0 0 0 0 0 0 0 0 0 0 0 
3.10631e-15 1.71834e-14 7.28137e-14 2.77373e-13 9.91921e-13 3.38074e-12 1.10457e-11 3.46781e-11 1.04727e-10 3.04386e-10 8.517e-10 2.29471e-09 5.95398e-09 1.4879e-08 3.58145e-08 8.30405e-08 1.85474e-07 3.99064e-07 8.27128e-07 1.65144e-06 3.17616e-06 5.88394e-06 1.04987e-05 1.80414e-05 2.98565e-05 4.75768e-05 7.29948e-05 0.000107814 0.00015328 0.000209727 0.000276123 0.000349739 0.000426065 0.000499088 0.000561961 0.000607985 0.000631732 0.00063006 0.000602762 0.000552681 0.000485233 0.000407458 0.000326812 0.000249991 0.000182052 0.000125957 8.26045e-05 5.12141e-05 2.99283e-05 1.64288e-05 8.4389e-06 4.03837e-06 1.79129e-06 7.32172e-07 2.73879e-07 9.29935e-08 2.83797e-08 7.69033e-09 1.82225e-09 3.70105e-10 6.27136e-11 8.52972e-12 8.77257e-13 6.14849e-14 2.34333e-15 1.9952e-17 4.84194e-20 0 0 0 0 0 0 0 0 0 0 0 0 0 0 0 0 0 0 0 0 0 0 0 0 0 0 0 0 0 0 0 0 0 
1.96903e-15 1.09235e-14 4.64792e-14 1.77893e-13 6.39202e-13 2.18823e-12 7.17725e-12 2.26057e-11 6.84399e-11 1.99274e-10 5.5817e-10 1.50434e-09 3.90165e-09 9.73923e-09 2.33997e-08 5.41165e-08 1.20476e-07 2.58187e-07 5.3263e-07 1.05772e-06 2.02187e-06 3.72009e-06 6.58787e-06 1.12278e-05 1.84145e-05 2.90603e-05 4.41232e-05 6.44468e-05 9.05403e-05 0.000122326 0.000158908 0.000198443 0.000238163 0.000274621 0.000304128 0.000323338 0.000329843 0.000322652 0.000302419 0.000271353 0.000232833 0.000190802 0.000149108 0.000110929 7.84047e-05 5.25291e-05 3.32721e-05 1.98649e-05 1.11417e-05 5.8478e-06 2.85955e-06 1.29617e-06 5.41415e-07 2.0697e-07 7.18194e-08 2.23996e-08 6.20326e-09 1.50217e-09 3.11795e-10 5.39917e-11 7.50427e-12 7.88664e-13 5.64809e-14 2.19926e-15 1.91098e-17 4.72875e-20 0 0 0 0 0 0 0 0 0 0 0 0 0 0 0 0 0 0 0 0 0 0 0 0 0 0 0 0 0 0 0 0 0 0 
1.20244e-15 6.69135e-15 2.85976e-14 1.10005e-13 3.97266e-13 1.36636e-12 4.49989e-12 1.4221e-11 4.3168e-11 1.25925e-10 3.53106e-10 9.5198e-10 2.46801e-09 6.15333e-09 1.47556e-08 3.40342e-08 7.55097e-08 1.61149e-07 3.30818e-07 6.53254e-07 1.24077e-06 2.26669e-06 3.98254e-06 6.72914e-06 1.09333e-05 1.70801e-05 2.56521e-05 3.70334e-05 5.13851e-05 6.85137e-05 8.77667e-05 0.000107993 0.000127601 0.000144732 0.000157528 0.000164446 0.000164555 0.000157729 0.000144695 0.000126909 0.00010629 8.48852e-05 6.45315e-05 4.66081e-05 3.19092e-05 2.06542e-05 1.26024e-05 7.22399e-06 3.87534e-06 1.93701e-06 8.97503e-07 3.83234e-07 1.49768e-07 5.31301e-08 1.69408e-08 4.79636e-09 1.18743e-09 2.5197e-10 4.46058e-11 6.33792e-12 6.80911e-13 4.98468e-14 1.98379e-15 1.75985e-17 4.43924e-20 0 0 0 0 0 0 0 0 0 0 0 0 0 0 0 0 0 0 0 0 0 0 0 0 0 0 0 0 0 0 0 0 0 0 0 
7.07038e-16 3.94762e-15 1.69515e-14 6.55569e-14 2.38019e-13 8.22695e-13 2.72108e-12 8.62997e-12 2.62688e-11 7.67783e-11 2.15541e-10 5.81305e-10 1.50636e-09 3.75107e-09 8.97688e-09 2.06475e-08 4.56459e-08 9.69919e-08 1.98093e-07 3.88864e-07 7.33675e-07 1.33035e-06 2.31822e-06 3.88181e-06 6.24549e-06 9.65388e-06 1.43347e-05 2.04441e-05 2.80008e-05 3.6823e-05 4.64862e-05 5.63219e-05 6.54713e-05 7.29947e-05 7.80206e-05 7.99046e-05 7.83602e-05 7.35247e-05 6.59424e-05 5.64654e-05 4.60981e-05 3.58224e-05 2.64462e-05 1.85071e-05 1.22453e-05 7.63793e-06 4.47603e-06 2.45498e-06 1.25465e-06 5.94444e-07 2.59566e-07 1.03736e-07 3.76353e-08 1.22728e-08 3.5537e-09 8.99788e-10 1.95273e-10 3.53542e-11 5.13741e-12 5.64447e-13 4.22558e-14 1.71953e-15 1.55802e-17 4.00533e-20 0 0 0 0 0 0 0 0 0 0 0 0 0 0 0 0 0 0 0 0 0 0 0 0 0 0 0 0 0 0 0 0 0 0 0 0 
4.00067e-16 2.24173e-15 9.67528e-15 3.76321e-14 1.3741e-13 4.77432e-13 1.58628e-12 5.04974e-12 1.54155e-11 4.51488e-11 1.26899e-10 3.42367e-10 8.86772e-10 2.20535e-09 5.26657e-09 1.20781e-08 2.66013e-08 5.62675e-08 1.14304e-07 2.22999e-07 4.17802e-07 7.51694e-07 1.29863e-06 2.15409e-06 3.43035e-06 5.24397e-06 7.6944e-06 1.08348e-05 1.46395e-05 1.89763e-05 2.35929e-05 2.81267e-05 3.21429e-05 3.51975e-05 3.69137e-05 3.70553e-05 3.5578e-05 3.26427e-05 2.85881e-05 2.38672e-05 1.89647e-05 1.43156e-05 1.02433e-05 6.93013e-06 4.4202e-06 2.64902e-06 1.48594e-06 7.76739e-07 3.76437e-07 1.68147e-07 6.87479e-08 2.55171e-08 8.51333e-09 2.52215e-09 6.53381e-10 1.4508e-10 2.68746e-11 3.99556e-12 4.49136e-13 3.43989e-14 1.43194e-15 1.32576e-17 3.4726e-20 0 0 0 0 0 0 0 0 0 0 0 0 0 0 0 0 0 0 0 0 0 0 0 0 0 0 0 0 0 0 0 0 0 0 0 0 0 
2.17702e-16 1.2246e-15 5.31433e-15 2.07969e-14 7.63975e-14 2.66913e-13 8.91071e-13 2.84779e-12 8.72003e-12 2.55941e-11 7.20279e-11 1.94401e-10 5.03273e-10 1.24991e-09 2.97828e-09 6.80926e-09 1.49383e-08 3.1447e-08 6.3524e-08 1.23131e-07 2.29009e-07 4.08668e-07 6.99667e-07 1.14915e-06 1.81045e-06 2.7357e-06 3.96433e-06 5.50841e-06 7.33778e-06 9.36913e-06 1.14638e-05 1.34378e-05 1.5085e-05 1.62104e-05 1.66662e-05 1.63824e-05 1.53834e-05 1.37851e-05 1.17735e-05 9.5693e-06 7.38829e-06 5.40718e-06 3.74178e-06 2.44125e-06 1.49666e-06 8.58907e-07 4.59373e-07 2.27808e-07 1.04133e-07 4.3572e-08 1.65522e-08 5.65226e-09 1.71397e-09 4.54487e-10 1.03297e-10 1.95862e-11 2.98062e-12 3.42945e-13 2.68839e-14 1.14532e-15 1.08405e-17 2.89243e-20 0 0 0 0 0 0 0 0 0 0 0 0 0 0 0 0 0 0 0 0 0 0 0 0 0 0 0 0 0 0 0 0 0 0 0 0 0 0 
1.13852e-16 6.43123e-16 2.80738e-15 1.10583e-14 4.08845e-14 1.43677e-13 4.8208e-13 1.54707e-12 4.75238e-12 1.39802e-11 3.93957e-11 1.0637e-10 2.75232e-10 6.82581e-10 1.62267e-09 3.69796e-09 8.0793e-09 1.69229e-08 3.39837e-08 6.5426e-08 1.20753e-07 2.13645e-07 3.62328e-07 5.88963e-07 9.17505e-07 1.36966e-06 1.95905e-06 2.68437e-06 3.5231e-06 4.42796e-06 5.32808e-06 6.13609e-06 6.76081e-06 7.12327e-06 7.17246e-06 6.89652e-06 6.32625e-06 5.52971e-06 4.59906e-06 3.6332e-06 2.72057e-06 1.92628e-06 1.28597e-06 8.06779e-07 4.73843e-07 2.59391e-07 1.31676e-07 6.16186e-08 2.63972e-08 1.02674e-08 3.59011e-09 1.11478e-09 3.02705e-10 7.04544e-11 1.36803e-11 2.13196e-12 2.51198e-13 2.01648e-14 8.7962e-16 8.51554e-18 2.31394e-20 0 0 0 0 0 0 0 0 0 0 0 0 0 0 0 0 0 0 0 0 0 0 0 0 0 0 0 0 0 0 0 0 0 0 0 0 0 0 0 
5.71813e-17 3.24475e-16 1.42541e-15 5.65415e-15 2.10477e-14 7.44258e-14 2.51054e-13 8.09193e-13 2.4941e-12 7.35441e-12 2.07533e-11 5.6058e-11 1.44971e-10 3.58991e-10 8.51328e-10 1.93356e-09 4.20619e-09 8.76407e-09 1.74908e-08 3.34344e-08 6.12125e-08 1.07331e-07 1.80228e-07 2.89795e-07 4.46155e-07 6.57596e-07 9.27796e-07 1.25285e-06 1.6189e-06 2.00135e-06 2.36639e-06 2.67527e-06 2.89052e-06 2.98315e-06 2.93874e-06 2.7609e-06 2.47094e-06 2.10378e-06 1.70115e-06 1.30381e-06 9.44886e-07 6.45682e-07 4.14676e-07 2.49346e-07 1.39761e-07 7.26523e-08 3.48191e-08 1.5278e-08 6.08715e-09 2.18039e-09 6.93604e-10 1.92955e-10 4.60122e-11 9.15365e-12 1.46156e-12 1.76438e-13 1.4511e-14 6.48465e-16 6.42429e-18 1.77746e-20 0 0 0 0 0 0 0 0 0 0 0 0 0 0 0 0 0 0 0 0 0 0 0 0 0 0 0 0 0 0 0 0 0 0 0 0 0 0 0 0 
2.75592e-17 1.57158e-16 6.95132e-16 2.77812e-15 1.04172e-14 3.70784e-14 1.25779e-13 4.07279e-13 1.25978e-12 3.72403e-12 1.05242e-11 2.84398e-11 7.35055e-11 1.81734e-10 4.29864e-10 9.72845e-10 2.10669e-09 4.36531e-09 8.65547e-09 1.64218e-08 2.98119e-08 5.17815e-08 8.60484e-08 1.36791e-07 2.08006e-07 3.02515e-07 4.2074e-07 5.59509e-07 7.11287e-07 8.64225e-07 1.00329e-06 1.11245e-06 1.17755e-06 1.18919e-06 1.14485e-06 1.04962e-06 9.15242e-07 7.57843e-07 5.9473e-07 4.41318e-07 3.088e-07 2.03092e-07 1.25072e-07 7.18082e-08 3.82406e-08 1.87774e-08 8.44264e-09 3.44716e-09 1.26548e-09 4.12607e-10 1.17654e-10 2.87586e-11 5.86469e-12 9.59908e-13 1.18787e-13 1.00146e-14 4.58715e-16 4.65309e-18 1.31057e-20 0 0 0 0 0 0 0 0 0 0 0 0 0 0 0 0 0 0 0 0 0 0 0 0 0 0 0 0 0 0 0 0 0 0 0 0 0 0 0 0 0 
1.27356e-17 7.30169e-17 3.25359e-16 1.31081e-15 4.95348e-15 1.77546e-14 6.05875e-14 1.9714e-13 6.12073e-13 1.81412e-12 5.1346e-12 1.38818e-11 3.58569e-11 8.85047e-11 2.08777e-10 4.70724e-10 1.01448e-09 2.08993e-09 4.1156e-09 7.74717e-09 1.39395e-08 2.39728e-08 3.9403e-08 6.18931e-08 9.28999e-08 1.33229e-07 1.82529e-07 2.38861e-07 2.98508e-07 3.56169e-07 4.05607e-07 4.40681e-07 4.56534e-07 4.50652e-07 4.23473e-07 3.78364e-07 3.20957e-07 2.5801e-07 1.96112e-07 1.40567e-07 9.47082e-08 5.97581e-08 3.51572e-08 1.91882e-08 9.6577e-09 4.45149e-09 1.86349e-09 7.01463e-10 2.34535e-10 6.85848e-11 1.71933e-11 3.59602e-12 6.03677e-13 7.6621e-14 6.62537e-15 3.11236e-16 3.23444e-18 9.27203e-21 0 0 0 0 0 0 0 0 0 0 0 0 0 0 0 0 0 0 0 0 0 0 0 0 0 0 0 0 0 0 0 0 0 0 0 0 0 0 0 0 0 0 
5.63798e-18 3.25141e-17 1.46045e-16 5.93494e-16 2.26143e-15 8.16582e-15 2.80422e-14 9.17137e-14 2.85875e-13 8.49657e-13 2.40873e-12 6.5153e-12 1.68183e-11 4.14394e-11 9.7474e-11 2.18905e-10 4.69399e-10 9.611e-10 1.87905e-09 3.50791e-09 6.25291e-09 1.06419e-08 1.72913e-08 2.68209e-08 3.97112e-08 5.61178e-08 7.5679e-08 9.73795e-08 1.19533e-07 1.39933e-07 1.56175e-07 1.66095e-07 1.68222e-07 1.62117e-07 1.48499e-07 1.29112e-07 1.06364e-07 8.28476e-08 6.08534e-08 4.20196e-08 2.71755e-08 1.639e-08 9.17173e-09 4.73387e-09 2.23789e-09 9.60978e-10 3.71102e-10 1.27304e-10 3.81984e-11 9.8262e-12 2.10902e-12 3.63336e-13 4.73267e-14 4.19976e-15 2.02456e-16 2.15684e-18 6.29174e-21 0 0 0 0 0 0 0 0 0 0 0 0 0 0 0 0 0 0 0 0 0 0 0 0 0 0 0 0 0 0 0 0 0 0 0 0 0 0 0 0 0 0 0 
2.3887e-18 1.3864e-17 6.28158e-17 2.57654e-16 9.90484e-16 3.60482e-15 1.24624e-14 4.09808e-14 1.28273e-13 3.82362e-13 1.08583e-12 2.9385e-12 7.58014e-12 1.86424e-11 4.37187e-11 9.77736e-11 2.08545e-10 4.24248e-10 8.2317e-10 1.52337e-09 2.68877e-09 4.52599e-09 7.26535e-09 1.11212e-08 1.62313e-08 2.25849e-08 2.99564e-08 3.78698e-08 4.5618e-08 5.2347e-08 5.71991e-08 5.94831e-08 5.88284e-08 5.52774e-08 4.92858e-08 4.16294e-08 3.32426e-08 2.50327e-08 1.77222e-08 1.17528e-08 7.2696e-09 4.17282e-09 2.20964e-09 1.07188e-09 4.72381e-10 1.87243e-10 6.59383e-11 2.03127e-11 5.36498e-12 1.18236e-12 2.09163e-13 2.79771e-14 2.54945e-15 1.26199e-16 1.37912e-18 4.09309e-21 0 0 0 0 0 0 0 0 0 0 0 0 0 0 0 0 0 0 0 0 0 0 0 0 0 0 0 0 0 0 0 0 0 0 0 0 0 0 0 0 0 0 0 0 
9.6756e-19 5.65521e-18 2.58654e-17 1.0716e-16 4.15868e-16 1.52628e-15 5.31412e-15 1.75756e-14 5.52565e-14 1.65222e-13 4.70041e-13 1.27271e-12 3.28071e-12 8.05267e-12 1.88243e-11 4.19142e-11 8.88996e-11 1.79622e-10 3.45737e-10 6.33957e-10 1.10736e-09 1.84253e-09 2.92019e-09 4.40806e-09 6.33704e-09 8.67528e-09 1.13079e-08 1.40316e-08 1.65715e-08 1.86211e-08 1.98996e-08 2.02117e-08 1.94944e-08 1.78348e-08 1.54533e-08 1.2657e-08 9.77573e-09 7.09885e-09 4.82944e-09 3.06497e-09 1.80547e-09 9.81334e-10 4.88723e-10 2.21162e-10 9.00316e-11 3.25657e-11 1.03056e-11 2.79639e-12 6.33194e-13 1.15094e-13 1.58188e-14 1.48124e-15 7.534e-17 8.45145e-19 2.55153e-21 0 0 0 0 0 0 0 0 0 0 0 0 0 0 0 0 0 0 0 0 0 0 0 0 0 0 0 0 0 0 0 0 0 0 0 0 0 0 0 0 0 0 0 0 0 
3.74267e-19 2.20441e-18 1.01862e-17 4.26593e-17 1.67239e-16 6.19295e-16 2.17255e-15 7.22938e-15 2.28352e-14 6.85031e-14 1.95257e-13 5.28984e-13 1.36253e-12 3.33745e-12 7.77552e-12 1.72324e-11 3.63335e-11 7.28846e-11 1.39105e-10 2.52599e-10 4.36407e-10 7.17308e-10 1.12164e-09 1.66843e-09 2.36066e-09 3.1768e-09 4.0656e-09 4.94721e-09 5.72254e-09 6.29007e-09 6.56648e-09 6.50582e-09 6.11113e-09 5.43495e-09 4.56818e-09 3.62052e-09 2.69797e-09 1.88375e-09 1.22719e-09 7.42211e-10 4.14289e-10 2.11933e-10 9.85338e-11 4.12184e-11 1.53232e-11 4.98441e-12 1.3904e-12 3.23683e-13 6.04935e-14 8.54917e-15 8.23168e-16 4.30513e-17 4.96098e-19 1.5233e-21 0 0 0 0 0 0 0 0 0 0 0 0 0 0 0 0 0 0 0 0 0 0 0 0 0 0 0 0 0 0 0 0 0 0 0 0 0 0 0 0 0 0 0 0 0 0 
1.38081e-19 8.20206e-19 3.83259e-18 1.62388e-17 6.43574e-17 2.40602e-16 8.50859e-16 2.84973e-15 9.04608e-15 2.72317e-14 7.7776e-14 2.10832e-13 5.42606e-13 1.32616e-12 3.07863e-12 6.7894e-12 1.42253e-11 2.8319e-11 5.35667e-11 9.62754e-11 1.64412e-10 2.66771e-10 4.11256e-10 6.02329e-10 8.38058e-10 1.10763e-09 1.39043e-09 1.6575e-09 1.87582e-09 2.01457e-09 2.05193e-09 1.98039e-09 1.80891e-09 1.56115e-09 1.27029e-09 9.71857e-10 6.96743e-10 4.66146e-10 2.89602e-10 1.66093e-10 8.73227e-11 4.17351e-11 1.7951e-11 6.86296e-12 2.29621e-12 6.58916e-13 1.57816e-13 3.03472e-14 4.41309e-15 4.37256e-16 2.35319e-17 2.78773e-19 8.7046e-22 0 0 0 0 0 0 0 0 0 0 0 0 0 0 0 0 0 0 0 0 0 0 0 0 0 0 0 0 0 0 0 0 0 0 0 0 0 0 0 0 0 0 0 0 0 0 0 
4.85232e-20 2.90934e-19 1.37613e-18 5.90465e-18 2.36759e-17 8.94199e-17 3.18938e-16 1.07559e-15 3.43237e-15 1.03707e-14 2.96829e-14 8.05132e-14 2.07031e-13 5.04812e-13 1.16746e-12 2.5612e-12 5.33065e-12 1.05266e-11 1.97234e-11 3.50648e-11 5.91503e-11 9.4674e-11 1.43775e-10 2.07155e-10 2.83173e-10 3.67212e-10 4.51693e-10 5.26923e-10 5.82768e-10 6.10772e-10 6.0615e-10 5.69034e-10 5.04559e-10 4.21733e-10 3.3143e-10 2.44093e-10 1.67795e-10 1.07137e-10 6.31669e-11 3.41501e-11 1.67884e-11 7.42934e-12 2.92295e-12 1.00659e-12 2.97352e-13 7.33241e-14 1.45184e-14 2.17411e-15 2.21841e-16 1.22951e-17 1.49863e-19 4.75779e-22 0 0 0 0 0 0 0 0 0 0 0 0 0 0 0 0 0 0 0 0 0 0 0 0 0 0 0 0 0 0 0 0 0 0 0 0 0 0 0 0 0 0 0 0 0 0 0 0 
1.62174e-20 9.82461e-20 4.70953e-19 2.04852e-18 8.31769e-18 3.1759e-17 1.14315e-16 3.88362e-16 1.24629e-15 3.78038e-15 1.08447e-14 2.94348e-14 7.56179e-14 1.83923e-13 4.2364e-13 9.24234e-13 1.91006e-12 3.73963e-12 6.93667e-12 1.21907e-11 2.02985e-11 3.20228e-11 4.78645e-11 6.77825e-11 9.09413e-11 1.1559e-10 1.3917e-10 1.5869e-10 1.71308e-10 1.74975e-10 1.68952e-10 1.54019e-10 1.3232e-10 1.06873e-10 8.09004e-11 5.71699e-11 3.75347e-11 2.27625e-11 1.26618e-11 6.40654e-12 2.91876e-12 1.18254e-12 4.19457e-13 1.27652e-13 3.24337e-14 6.61778e-15 1.02133e-15 1.07412e-16 6.13582e-18 7.70175e-20 2.4857e-22 0 0 0 0 0 0 0 0 0 0 0 0 0 0 0 0 0 0 0 0 0 0 0 0 0 0 0 0 0 0 0 0 0 0 0 0 0 0 0 0 0 0 0 0 0 0 0 0 0 
5.14651e-21 3.15379e-20 1.5341e-19 6.77253e-19 2.7873e-18 1.07678e-17 3.91385e-17 1.34012e-16 4.32637e-16 1.3178e-15 3.78949e-15 1.02926e-14 2.64152e-14 6.40784e-14 1.46962e-13 3.18728e-13 6.53759e-13 1.26836e-12 2.32766e-12 4.04087e-12 6.63619e-12 1.03101e-11 1.51535e-11 2.10705e-11 2.77173e-11 3.44922e-11 4.06015e-11 4.51972e-11 4.75605e-11 4.72758e-11 4.43418e-11 3.91809e-11 3.25432e-11 2.53333e-11 1.84132e-11 1.24375e-11 7.76241e-12 4.44535e-12 2.31642e-12 1.08723e-12 4.53934e-13 1.65971e-13 5.20759e-14 1.36441e-14 2.87124e-15 4.57074e-16 4.9588e-17 2.92226e-18 3.78092e-20 1.24035e-22 0 0 0 0 0 0 0 0 0 0 0 0 0 0 0 0 0 0 0 0 0 0 0 0 0 0 0 0 0 0 0 0 0 0 0 0 0 0 0 0 0 0 0 0 0 0 0 0 0 0 
1.54795e-21 9.60797e-21 4.74947e-20 2.13077e-19 8.89826e-19 3.48102e-18 1.27857e-17 4.41477e-17 1.43438e-16 4.38857e-16 1.26522e-15 3.43897e-15 8.81645e-15 2.13264e-14 4.86879e-14 1.04929e-13 2.13507e-13 4.10225e-13 7.44323e-13 1.27544e-12 2.06414e-12 3.15518e-12 4.55549e-12 6.21289e-12 8.00408e-12 9.74052e-12 1.11959e-11 1.21513e-11 1.24465e-11 1.20213e-11 1.0933e-11 9.34416e-12 7.48466e-12 5.59847e-12 3.89264e-12 2.5017e-12 1.47584e-12 7.92538e-13 3.8349e-13 1.65123e-13 6.22812e-14 2.01643e-14 5.45262e-15 1.18446e-15 1.94668e-16 2.18069e-17 1.32701e-18 1.77153e-20 5.90643e-23 0 0 0 0 0 0 0 0 0 0 0 0 0 0 0 0 0 0 0 0 0 0 0 0 0 0 0 0 0 0 0 0 0 0 0 0 0 0 0 0 0 0 0 0 0 0 0 0 0 0 0 
4.40383e-22 2.77278e-21 1.39521e-20 6.37023e-20 2.70254e-19 1.07164e-18 3.98058e-18 1.38687e-17 4.5369e-17 1.39472e-16 4.032e-16 1.09677e-15 2.80856e-15 6.77311e-15 1.53873e-14 3.29391e-14 6.64529e-14 1.26366e-13 2.26519e-13 3.82807e-13 6.09947e-13 9.16387e-13 1.29832e-12 1.73475e-12 2.18613e-12 2.59836e-12 2.91243e-12 3.07752e-12 3.06372e-12 2.87019e-12 2.526e-12 2.08321e-12 1.60449e-12 1.14903e-12 7.60858e-13 4.62673e-13 2.56221e-13 1.27907e-13 5.68414e-14 2.21352e-14 7.40129e-15 2.06747e-15 4.64039e-16 7.88142e-17 9.12522e-18 5.73985e-19 7.91487e-21 2.68159e-23 0 0 0 0 0 0 0 0 0 0 0 0 0 0 0 0 0 0 0 0 0 0 0 0 0 0 0 0 0 0 0 0 0 0 0 0 0 0 0 0 0 0 0 0 0 0 0 0 0 0 0 0 
1.18234e-22 7.56488e-22 3.88196e-21 1.80673e-20 7.79716e-20 3.13728e-19 1.1795e-18 4.1494e-18 1.3674e-17 4.2251e-17 1.22502e-16 3.33501e-16 8.52955e-16 2.05029e-15 4.63351e-15 9.84754e-15 1.9686e-14 3.7023e-14 6.5513e-14 1.09089e-13 1.70957e-13 2.52174e-13 3.50176e-13 4.57831e-13 5.63645e-13 6.5343e-13 7.13217e-13 7.32635e-13 7.0766e-13 6.41804e-13 5.45331e-13 4.3275e-13 3.19379e-13 2.1803e-13 1.36751e-13 7.81501e-14 4.02793e-14 1.84894e-14 7.4402e-15 2.57161e-15 7.4278e-16 1.72429e-16 3.02958e-17 3.62929e-18 2.36227e-19 3.36855e-21 1.15961e-23 0 0 0 0 0 0 0 0 0 0 0 0 0 0 0 0 0 0 0 0 0 0 0 0 0 0 0 0 0 0 0 0 0 0 0 0 0 0 0 0 0 0 0 0 0 0 0 0 0 0 0 0 0 
2.98797e-23 1.94671e-22 1.02096e-21 4.85255e-21 2.13344e-20 8.72083e-20 3.32176e-19 1.1808e-18 3.92207e-18 1.21852e-17 3.54409e-17 9.65689e-17 2.46652e-16 5.90814e-16 1.3277e-15 2.8e-15 5.54283e-15 1.03016e-14 1.79785e-14 2.94678e-14 4.53698e-14 6.56285e-14 8.92105e-14 1.1398e-13 1.36897e-13 1.54573e-13 1.64046e-13 1.63543e-13 1.52984e-13 1.34024e-13 1.09651e-13 8.34489e-14 5.87675e-14 3.80431e-14 2.24512e-14 1.19564e-14 5.67381e-15 2.36143e-15 8.44521e-16 2.52483e-16 6.0684e-17 1.1042e-17 1.37018e-18 9.23945e-20 1.36418e-21 4.77095e-24 0 0 0 0 0 0 0 0 0 0 0 0 0 0 0 0 0 0 0 0 0 0 0 0 0 0 0 0 0 0 0 0 0 0 0 0 0 0 0 0 0 0 0 0 0 0 0 0 0 0 0 0 0 0 
7.08693e-24 4.713e-23 2.53241e-22 1.23172e-21 5.52604e-21 2.29792e-20 8.87726e-20 3.19132e-19 1.06907e-18 3.34107e-18 9.7504e-18 2.65925e-17 6.78229e-17 1.61846e-16 3.61506e-16 7.56073e-16 1.48104e-15 2.71786e-15 4.67346e-15 7.53176e-15 1.13791e-14 1.61208e-14 2.14219e-14 2.67085e-14 3.12499e-14 3.43141e-14 3.53508e-14 3.41414e-14 3.08643e-14 2.60523e-14 2.04583e-14 1.48719e-14 9.94292e-15 6.06397e-15 3.33941e-15 1.63967e-15 7.06493e-16 2.61697e-16 8.10689e-17 2.01967e-17 3.81034e-18 4.90357e-19 3.42991e-20 5.25056e-22 1.86533e-24 0 0 0 0 0 0 0 0 0 0 0 0 0 0 0 0 0 0 0 0 0 0 0 0 0 0 0 0 0 0 0 0 0 0 0 0 0 0 0 0 0 0 0 0 0 0 0 0 0 0 0 0 0 0 0 
1.57228e-24 1.07035e-23 5.90919e-23 2.94811e-22 1.35226e-21 5.72911e-21 2.24745e-20 8.17852e-20 2.7651e-19 8.6967e-19 2.54724e-18 6.95404e-18 1.7708e-17 4.20843e-17 9.33881e-17 1.93575e-16 3.74915e-16 6.78681e-16 1.1486e-15 1.81787e-15 2.69151e-15 3.72926e-15 4.83741e-15 5.87665e-15 6.68783e-15 7.12992e-15 7.11767e-15 6.64594e-15 5.79218e-15 4.69653e-15 3.52641e-15 2.4366e-15 1.53682e-15 8.75869e-16 4.45381e-16 1.98867e-16 7.63794e-17 2.45449e-17 6.34588e-18 1.24289e-18 1.66098e-19 1.20677e-20 1.91812e-22 6.92146e-25 0 0 0 0 0 0 0 0 0 0 0 0 0 0 0 0 0 0 0 0 0 0 0 0 0 0 0 0 0 0 0 0 0 0 0 0 0 0 0 0 0 0 0 0 0 0 0 0 0 0 0 0 0 0 0 0 
3.25011e-25 2.2727e-24 1.29344e-23 6.63698e-23 3.11917e-22 1.34873e-21 5.38001e-21 1.98392e-20 6.77487e-20 2.14556e-19 6.309e-19 1.72421e-18 4.38304e-18 1.03705e-17 2.28505e-17 4.69083e-17 8.97478e-17 1.60092e-16 2.66342e-16 4.13425e-16 5.99005e-16 8.10496e-16 1.02467e-15 1.21096e-15 1.33821e-15 1.38272e-15 1.33496e-15 1.20234e-15 1.00738e-15 7.81809e-16 5.5866e-16 3.64671e-16 2.1527e-16 1.13471e-16 5.25586e-17 2.09541e-17 6.99372e-18 1.87889e-18 3.82544e-19 5.31627e-20 4.01781e-21 6.64141e-23 2.43392e-25 0 0 0 0 0 0 0 0 0 0 0 0 0 0 0 0 0 0 0 0 0 0 0 0 0 0 0 0 0 0 0 0 0 0 0 0 0 0 0 0 0 0 0 0 0 0 0 0 0 0 0 0 0 0 0 0 0 
0 0 0 0 0 0 0 0 0 0 0 0 0 0 0 0 0 0 0 0 0 0 0 0 0 0 0 0 0 0 0 0 0 0 0 0 0 0 0 0 0 0 0 0 0 0 0 0 0 0 0 0 0 0 0 0 0 0 0 0 0 0 0 0 0 0 0 0 0 0 0 0 0 0 0 0 0 0 0 0 0 0 0 0 0 0 0 0 0 0 0 0 0 0 0 0 0 0 0 0 
